pipeline,modelo,nome_remedio,pergunta,dificuldade,resposta_esperada,secoes_esperadas,resposta_gerada,resposta_crua,secoes_recuperadas,chunk_ids_recuperados,textos_recuperados,tempo_recuperacao_segundos,tempo_inferencia_segundos,guarded_planner_primary,guarded_planner_secondary,guarded_planner_safety,guarded_expanded_sections,guarded_confidence,guarded_fallback_triggered,guarded_debug_trace
graph_rag,ollama:mediphi-instruct,AMOXIL,Para que serve o Amoxil?,facil,Amoxil é um antibiótico indicado para o tratamento de infecções bacterianas causadas por germes sensíveis à ação da amoxicilina.,PARA QUE ESTE MEDICAMENTO É INDICADO?,"De acordo com a bula do medicamento AMOXIL, na seção ""PARA QUE ESTE MEDICAMENTO É INDICADO?"" consta a seguinte informação: 

Para que serve o Amoxil? **Amoxil[®]** , antibiótico eficaz contra grande variedade de bactérias, é indicado para tratamento de infecções bacterianas causadas por germes sensíveis à ação da amoxicilina. Entretanto, seu médico pode receitar este medicamento para outro uso. Se desejar mais informações, pergunte ao seu médico.

---
*Esta resposta se baseia apenas nos trechos da bula recuperados e não substitui orientação médica ou farmacêutica.*","De acordo com a bula do medicamento AMOXIL, na seção ""PARA QUE ESTE MEDICAMENTO É INDICADO?"" consta a seguinte informação: 

Para que serve o Amoxil? **Amoxil[®]** , antibiótico eficaz contra grande variedade de bactérias, é indicado para tratamento de infecções bacterianas causadas por germes sensíveis à ação da amoxicilina. Entretanto, seu médico pode receitar este medicamento para outro uso. Se desejar mais informações, pergunte ao seu médico.",PARA QUE ESTE MEDICAMENTO É INDICADO?,"chunk_29c1314f7e21, chunk_29c1314f7e21","[""PARA QUE ESTE MEDICAMENTO É INDICADO?** \n\n**Amoxil[®]** , antibiótico eficaz contra grande variedade de bactérias, é indicado para tratamento de infecções bacterianas causadas por germes sensíveis à ação da amoxicilina. Entretanto, seu médico pode receitar este medicamento para outro uso. Se desejar mais informações, pergunte ao seu médico. \n\n## **2."", ""PARA QUE ESTE MEDICAMENTO É INDICADO?** \n\n**Amoxil[®]** , um antibiótico eficaz contra grande variedade de bactérias, é indicado para tratamento de infecções bacterianas causadas por germes sensíveis à ação da amoxicilina. Entretanto, seu médico pode receitar este medicamento para outro uso. Se desejar mais informações, pergunte ao seu médico. \n\n## **2.""]",0.1,11.932,,,,,,False,{}
graph_rag,ollama:mediphi-instruct,AMOXIL,Quando não devo usar Amoxil?,facil,"Amoxil não deve ser usado por pessoas alérgicas à amoxicilina, a outros antibióticos penicilínicos ou a antibióticos similares chamados cefalosporinas. Se o paciente já teve reação alérgica, como erupções na pele, ao tomar antibiótico, deve conversar com o médico antes de usar Amoxil.",QUANDO NÃO DEVO USAR ESTE MEDICAMENTO?,"De acordo com a bula consultada de AMOXIL, nas seções ""COMO DEVO USAR ESTE MEDICAMENTO?"" e ""QUAIS OS MALES QUE ESTE MEDICAMENTO PODE ME CAUSAR?"", consta a seguinte informação: 

Não use este medicamento em casos de alergia conhecida ou sensibilidade à amoxicilina. Se você estiver grávida, planeando engravidar ou tendo problemas renais graves sem orientação médica especializada, consulte um profissional antes da administração do medicamento para evitar possíveis efeitos adversos na saúde materna/fetal.

---
*Esta resposta se baseia apenas nos trechos da bula recuperados e não substitui orientação médica ou farmacêutica. É recomendável consultar um profissional de saúde para orientação individualizada.*","De acordo com a bula consultada de AMOXIL, nas seções ""COMO DEVO USAR ESTE MEDICAMENTO?"" e ""QUAIS OS MALES QUE ESTE MEDICAMENTO PODE ME CAUSAR?"", consta a seguinte informação: 

Não use este medicamento em casos de alergia conhecida ou sensibilidade à amoxicilina. Se você estiver grávida, planeando engravidar ou tendo problemas renais graves sem orientação médica especializada, consulte um profissional antes da administração do medicamento para evitar possíveis efeitos adversos na saúde materna/fetal.","COMO DEVO USAR ESTE MEDICAMENTO?, QUAIS OS MALES QUE ESTE MEDICAMENTO PODE ME CAUSAR?","chunk_9d0ab2325c26, chunk_619626ac8cd4, chunk_920654c7064a, chunk_09405370d2ab, chunk_1ddf28119f88, chunk_05bc48672ff1, chunk_6313476f076e, chunk_e88b1f4c2667","[""COMO DEVO USAR ESTE MEDICAMENTO?** \n\n## **Modo de usar** \n\nSiga as orientações de seu médico sobre a maneira e a hora correta de tomar o medicamento. Ele vai decidir a quantidade diária que você precisa e o tempo durante o qual você deve usar este medicamento. Leia esta bula com cautela. Se você tiver alguma dúvida, fale com seu médico. \n\nRecomenda-se ingerir o medicamento nas refeições, embora ele continue eficaz mesmo que você o tome em outros horários. \n\nContinue tomando este medicamento até o fim do tratamento prescrito pelo médico. Não pare somente porque se sente melhor. \n\n**As cápsulas devem ser ingeridas inteiras com água. Não as mastigue.** \n\n## **Posologia** \n\nAtenção! Para algumas doses indicadas abaixo (doses inferiores a 500 mg) é necessário o uso da suspensão oral, converse com seu médico ou farmacêutico em caso de dúvida. \n\n## **Dose para adultos e crianças acima de 40 kg** \n\n- Dose padrão: 500 mg (uma cápsula) três vezes ao dia (de 8 em 8 horas) nas infecções mais graves. \n\n- Tratamento com dosagem alta (máximo recomendável de 6 g ao dia em doses divididas): recomenda-se uma dose de 3 g (seis cápsulas) duas vezes ao dia (de 12 em 12 horas) em casos que requerem tratamento de infecção respiratória purulenta (com a presença de pus) grave ou recorrente. \n\n## **- Tratamento de curta duração (gonorreia): dose única de 3 g.**"", ""ave. A diálise peritoneal (processo de limpeza das substâncias tóxicas do organismo através do peritônio, membrana que envolve o abdômen) não remove a amoxicilina do corpo. \n\n## **Pacientes que recebem hemodiálise** \n\nUsa-se a mesma posologia indicada para pacientes com insuficiência renal grave. \n\nA amoxicilina é removida do sangue por hemodiálise (processo que substitui os rins na filtragem sanguínea). Portanto, uma dose adicional (500 mg para adultos e crianças acima de 40kg ou 15 mg/kg para crianças abaixo de 40 kg) pode ser administrada durante e no final de cada diálise. \n\nSeu médico poderá indicar tratamento por via parenteral (feito com aplicação de injeções intravenosas, intramusculares ou subcutâneas) nos casos em que a via oral for considerada inadequada (particularmente nos tratamentos urgentes de infecções graves). \n\nConforme o grau de insuficiência renal, talvez seu médico ache necessário reduzir a dose diária total. \n\n4 \n\n**==> picture [86 x 28] intentionally omitted <==**\n\n## Modelo de Texto de Bula – Pacientes Amoxil[®] Pó para suspensão oral \n\n## **Siga a orientação de seu médico, respeitando sempre os horários, as doses e a duração do tratamento. Não interrompa o tratamento sem o conhecimento de seu médico.** \n\n## **7."", ""imo de 500 mg (uma cápsula) duas vezes ao dia (de 12 em 12 horas); \n\n- insuficiência grave: máximo de 500 mg (uma cápsula) ao dia. \n\n3 \n\n**==> picture [87 x 28] intentionally omitted <==**\n\n## Modelo de Texto de Bula – Pacientes Amoxil[®] Cápsulas \n\n## **Pacientes que recebem diálise peritoneal** \n\nUsa-se a mesma posologia indicada para pacientes com insuficiência renal grave. A diálise peritoneal (processo de limpeza das substâncias tóxicas do organismo através do peritônio, membrana que envolve o abdômen) não remove a amoxicilina do corpo. \n\n## **Pacientes que recebem hemodiálise** \n\nUsa-se a mesma posologia indicada para pacientes com insuficiência renal grave. \n\nA amoxicilina é removida do sangue por hemodiálise (processo que substitui os rins na filtragem sanguínea). Portanto, uma dose adicional (500 mg para adultos e crianças acima de 40kg ou 15 mg/kg para crianças abaixo de 40 kg) pode ser administrada durante e no final de cada diálise. \n\nSeu médico poderá indicar tratamento por via parenteral (feito com aplicação de injeções intravenosas, intramusculares ou subcutâneas) nos casos em que a via oral for considerada inadequada (particularmente nos tratamentos urgentes de infecções graves). \n\nConforme o grau de insuficiência renal, talvez seu médico ache necessário reduzir a dose diária total. \n\n**Siga a orientação de seu médico, respeitando sempre os horários, as doses e a duração do tratamento. Não interrompa o tratamento sem o conhecimento de seu médico. Este medicamento não deve ser partido ou mastigado.** \n\n## **7."", ""roxas que surgem com mais facilidade que o normal); \n\n- Destruição de glóbulos vermelhos e consequentemente anemia (anemia hemolítica), que pode resultar em cansaço, dores de cabeça e falta de ar causada pela prática de exercícios físicos, vertigem, palidez e amarelamento da pele e/ou dos olhos; \n\n- Sinais repentinos de alergia, tais como erupções da pele, prurido (coceira) ou urticária, inchaço da face, dos lábios, da língua ou de outras partes do corpo, falta de ar, respiração ofegante ou problemas para respirar; se esses sintomas ocorrerem, pare de usar o medicamento e procure socorro médico o mais rápido possível; \n\n- Dor no peito, que pode ser um sinal de uma reação alérgica potencialmente grave chamada síndrome de Kounis; \n\n- Vômitos repetitivos (1 a 4 horas após a administração de **Amoxil[®]** ), dores no estômago, sonolência anormal, diarreia e pressão baixa, que podem ser um sinal de uma reação alérgica grave denominada síndrome de enterocolite induzida por medicamentos; \n\n- Convulsões podem ocorrer em pacientes com função renal prejudicada ou que estejam recebendo doses altas do medicamento; \n\n- Hipercinesia (presença de movimentos exacerbados e incontroláveis), tontura; \n\n- Candidíase mucocutânea, infecção micótica (causada por fungos) que normalmente afeta as partes íntimas ou a boca; na área genital, pode provocar coceira e queimação (com a presença de uma fina camada de secreção branca), e na boca ou na língua podem surgir pintas brancas dolorosas;"", ""roxas) que surgem com mais facilidade que o normal; \n\n- Destruição de glóbulos vermelhos e consequentemente anemia (anemia hemolítica), que pode resultar em cansaço, dores de cabeça e falta de ar causada pela prática de exercícios físicos, vertigem, palidez e amarelamento da pele e/ou dos olhos; \n\n- Sinais repentinos de alergia, como erupções da pele, prurido (coceira) ou urticária, inchaço da face, dos lábios, da língua ou de outras partes do corpo, falta de ar, respiração ofegante ou problemas para respirar; se esses sintomas ocorrerem, pare de usar **Amoxil[®]** e procure socorro médico o mais rápido possível; \n\n4 \n\n**==> picture [87 x 28] intentionally omitted <==**\n\n## Modelo de Texto de Bula – Pacientes Amoxil[®] Cápsulas \n\n- Dor no peito, que pode ser um sinal de uma reação alérgica potencialmente grave chamada síndrome de Kounis; \n\n- Vômitos repetitivos (1 a 4 horas após a administração de **Amoxil[®]** ), dores no estômago, sonolência anormal, diarreia e pressão baixa, que podem ser um sinal de uma reação alérgica grave denominada síndrome de enterocolite induzida por medicamentos; \n\n- Convulsões (ataques) podem ocorrer em pacientes com função renal prejudicada ou que estejam recebendo doses altas do medicamento; \n\n- Hipercinesia (presença de movimentos exacerbados e incontrolados), tontura;"", ""g ao dia em doses divididas): recomenda-se uma dose de 3 g (seis cápsulas) duas vezes ao dia (de 12 em 12 horas) em casos que requerem tratamento de infecção respiratória purulenta (com a presença de pus) grave ou recorrente. \n\n## **- Tratamento de curta duração (gonorreia): dose única de 3 g.** \n\n**Erradicação de** _**Helicobacter pylori:**_ para combater o _Helicobacter_ (bactéria que ataca o estômago e o duodeno), recomenda-se o uso de Amoxil[®] no esquema de 1 g duas vezes ao dia (de 12 em 12 horas), em associação com um medicamento conhecido como inibidor da bomba de prótons (exemplo: omeprazol, lanzoprazol) e outro agente antimicrobiano (por exemplo claritromicina, metronidazol), por 7 dias. \n\n## **Pacientes com insuficiência renal (dos rins)** \n\nNa insuficiência renal, a eliminação do antibiótico é mais lenta. Conforme o grau dessa condição, seu médico pode indicar a redução da dose diária total de acordo com o esquema descrito a seguir. \n\nAdultos e crianças acima de 40 kg \n\n- insuficiência leve: nenhuma alteração de dose; \n\n- insuficiência moderada: máximo de 500 mg (uma cápsula) duas vezes ao dia (de 12 em 12 horas); \n\n- insuficiência grave: máximo de 500 mg (uma cápsula) ao dia. \n\n3 \n\n**==> picture [87 x 28] intentionally omitted <==**\n\n## Modelo de Texto de Bula – Pacientes Amoxil[®] Cápsulas \n\n## **Pacientes que recebem diálise peritoneal**"", "", tontura; \n\n- Candidíase mucocutânea, infecção micótica (causada por fungos) que normalmente afeta as partes íntimas ou a boca; na área genital, pode provocar coceira e queimação (com a presença de uma fina camada de secreção branca), e na boca ou na língua podem surgir pintas brancas dolorosas; \n\n- Colite associada a antibióticos (inflamação no cólon (intestino grosso), causando diarreia grave, que também pode conter sangue e ser acompanhada de cólicas abdominais; \n\n- Sua língua pode mudar de cor, ficando amarela, marrom ou preta, e dar a impressão de ter pelos (língua pilosa negra); \n\n- Houve relatos de descoloração superficial dos dentes em crianças. Uma boa higiene oral ajuda a prevenir esse efeito porque o produto pode, em geral, ser removido com a escovação (apenas **Amoxil[®]** em suspensão oral); \n\n- Inflamação da membrana que reveste o cérebro (meningite asséptica); \n\n- Erupção cutânea com bolhas dispostas em círculo com crosta central ou como um colar de pérolas (doença IgA linear); \n\n5 \n\n**==> picture [86 x 28] intentionally omitted <==**\n\n## Modelo de Texto de Bula – Pacientes Amoxil[®] Pó para suspensão oral \n\n- Efeitos relacionados ao fígado; esses sintomas podem manifestar-se como enjoo, vômito, perda de apetite, sensação geral de mal-estar, febre, coceira, amarelamento da pele e dos olhos e escurecimento da urina e aumento de algumas substâncias (enzimas) produzidas pelo fígado;"", ""robiano (por exemplo claritromicina, metronidazol), por 7 dias. \n\n## **Dose para crianças abaixo de 40 kg** \n\nDose padrão para crianças: 20 a 50 mg/kg/dia em doses divididas (de 8 em 8 horas), até um máximo de 150 mg/kg/dia em doses divididas. \n\n## **Pacientes com insuficiência renal (dos rins)** \n\nNa insuficiência renal, a eliminação do antibiótico é mais lenta. Conforme o grau dessa condição, seu médico pode indicar a redução da dose diária total de acordo com o esquema descrito a seguir. \n\nAdultos e crianças acima de 40 kg \n\n- insuficiência leve: nenhuma alteração de dose; \n\n- insuficiência moderada: máximo de 500 mg duas vezes ao dia (de 12 em 12 horas); \n\n- insuficiência grave: máximo de 500 mg uma vez ao dia. \n\nCrianças abaixo de 40 kg \n\n- insuficiência leve: nenhuma alteração de dose; \n\n- insuficiência moderada: 15 mg/kg duas vezes ao dia (de 12/12 horas); (no máximo de 500mg duas vezes ao dia); \n\n- insuficiência grave: 15 mg/kg uma vez ao dia. (no máximo de 500mg). \n\n## **Pacientes que recebem diálise peritoneal** \n\nUsa-se a mesma posologia indicada para pacientes com insuficiência renal grave. A diálise peritoneal (processo de limpeza das substâncias tóxicas do organismo através do peritônio, membrana que envolve o abdômen) não remove a amoxicilina do corpo. \n\n## **Pacientes que recebem hemodiálise** \n\nUsa-se a mesma posologia indicada para pacientes com insuficiência renal grave.""]",0.023,11.987,,,,,,False,{}
graph_rag,ollama:mediphi-instruct,AMOXIL,"Na apresentação cápsulas, qual é a dose padrão de Amoxil para adultos e crianças acima de 40 kg?",facil,"Na apresentação cápsulas, para adultos e crianças acima de 40 kg, a dose padrão é 500 mg, equivalente a uma cápsula, três vezes ao dia, de 8 em 8 horas, nas infecções mais graves.",COMO DEVO USAR ESTE MEDICAMENTO?,"De acordo com a bula consultada de AMOXIL, na forma de CÁPSULA, o tratamento recomendado é uma dose padrão de 500 mg (uma cápsula) três vezes ao dia nas infecções mais graves.

---
*Esta resposta se baseia apenas nos trechos da bula recuperados e não substitui orientação médica ou farmacêutica.*","De acordo com a bula consultada de AMOXIL, na forma de CÁPSULA, o tratamento recomendado é uma dose padrão de 500 mg (uma cápsula) três vezes ao dia nas infecções mais graves.","QUAIS OS MALES QUE ESTE MEDICAMENTO PODE ME CAUSAR?, ONDE, COMO E POR QUANTO TEMPO POSSO GUARDAR ESTE MEDICAMENTO?, COMO DEVO USAR ESTE MEDICAMENTO?","chunk_6313476f076e, chunk_23a1a45ccf28, chunk_6a5892989281, chunk_9d0ab2325c26, chunk_05bc48672ff1, chunk_920654c7064a, chunk_c0033b15fe08, chunk_e88b1f4c2667","["", tontura; \n\n- Candidíase mucocutânea, infecção micótica (causada por fungos) que normalmente afeta as partes íntimas ou a boca; na área genital, pode provocar coceira e queimação (com a presença de uma fina camada de secreção branca), e na boca ou na língua podem surgir pintas brancas dolorosas; \n\n- Colite associada a antibióticos (inflamação no cólon (intestino grosso), causando diarreia grave, que também pode conter sangue e ser acompanhada de cólicas abdominais; \n\n- Sua língua pode mudar de cor, ficando amarela, marrom ou preta, e dar a impressão de ter pelos (língua pilosa negra); \n\n- Houve relatos de descoloração superficial dos dentes em crianças. Uma boa higiene oral ajuda a prevenir esse efeito porque o produto pode, em geral, ser removido com a escovação (apenas **Amoxil[®]** em suspensão oral); \n\n- Inflamação da membrana que reveste o cérebro (meningite asséptica); \n\n- Erupção cutânea com bolhas dispostas em círculo com crosta central ou como um colar de pérolas (doença IgA linear); \n\n5 \n\n**==> picture [86 x 28] intentionally omitted <==**\n\n## Modelo de Texto de Bula – Pacientes Amoxil[®] Pó para suspensão oral \n\n- Efeitos relacionados ao fígado; esses sintomas podem manifestar-se como enjoo, vômito, perda de apetite, sensação geral de mal-estar, febre, coceira, amarelamento da pele e dos olhos e escurecimento da urina e aumento de algumas substâncias (enzimas) produzidas pelo fígado;"", ""ONDE, COMO E POR QUANTO TEMPO POSSO GUARDAR ESTE MEDICAMENTO? Cuidados de armazenamento** \n\n2 \n\n**==> picture [87 x 28] intentionally omitted <==**\n\n## Modelo de Texto de Bula – Pacientes Amoxil[®] Cápsulas \n\n## **Manter fora do alcance de crianças** \n\nConservar as cápsulas na embalagem original, protegido da umidade e em temperatura ambiente (entre 15[o] C e 30[o] C). \n\n## **Número de lote e datas de fabricação e validade: vide embalagem. Não use medicamento com o prazo de validade vencido. Guarde-o em sua embalagem original.** \n\n## **Aspecto físico/características organolépticas** \n\nCápsulas de 500 mg de duas cores (corpo amarelo opaco e tampa vermelho opaco) impressa com GS JVL e contendo um pó branco a quase branco. \n\n**Antes de usar, observe o aspecto do medicamento. Caso ele esteja no prazo de validade e você observe alguma mudança no aspecto, consulte o farmacêutico para saber se poderá utilizá-lo. Todo medicamento deve ser mantido fora do alcance das crianças.** \n\n## **6."", ""ONDE, COMO E POR QUANTO TEMPO POSSO GUARDAR ESTE MEDICAMENTO?** \n\n## **Cuidados de armazenamento** \n\n## **Manter fora do alcance de crianças** \n\nConservar o produto em pó na embalagem original, protegido da umidade e em temperatura ambiente entre (15[o] C e 30[o] C). \n\nApós preparo da suspensão, conservar em geladeira (entre 2[o] C e 8[o] C), sendo o produto válido por 14 dias após a reconstituição. \n\n**Número de lote e datas de fabricação e validade: vide embalagem.** \n\n**Não use medicamento com o prazo de validade vencido. Guarde-o em sua embalagem original. Após preparo, manter o produto por 14 dias em geladeira (entre 2[o] C e 8[o] C).** \n\n## **Aspecto físico/características organolépticas Aspecto físico:** \n\nO **Amoxil[®]** (amoxicilina) é um pó branco (para reconstituição) com grânulos amarelados, que após a reconstituição resultará em uma suspensão homogênea quase branca. \n\n## **Características organolépticas:** \n\nSuspensão oral: sabor de tutti frutti e odor característico de frutas. \n\n**Antes de usar, observe o aspecto do medicamento. Caso ele esteja no prazo de validade e você observe alguma mudança no aspecto, consulte o farmacêutico para saber se poderá utilizá-lo. Todo medicamento deve ser mantido fora do alcance das crianças.** \n\n## **6."", ""COMO DEVO USAR ESTE MEDICAMENTO?** \n\n## **Modo de usar** \n\nSiga as orientações de seu médico sobre a maneira e a hora correta de tomar o medicamento. Ele vai decidir a quantidade diária que você precisa e o tempo durante o qual você deve usar este medicamento. Leia esta bula com cautela. Se você tiver alguma dúvida, fale com seu médico. \n\nRecomenda-se ingerir o medicamento nas refeições, embora ele continue eficaz mesmo que você o tome em outros horários. \n\nContinue tomando este medicamento até o fim do tratamento prescrito pelo médico. Não pare somente porque se sente melhor. \n\n**As cápsulas devem ser ingeridas inteiras com água. Não as mastigue.** \n\n## **Posologia** \n\nAtenção! Para algumas doses indicadas abaixo (doses inferiores a 500 mg) é necessário o uso da suspensão oral, converse com seu médico ou farmacêutico em caso de dúvida. \n\n## **Dose para adultos e crianças acima de 40 kg** \n\n- Dose padrão: 500 mg (uma cápsula) três vezes ao dia (de 8 em 8 horas) nas infecções mais graves. \n\n- Tratamento com dosagem alta (máximo recomendável de 6 g ao dia em doses divididas): recomenda-se uma dose de 3 g (seis cápsulas) duas vezes ao dia (de 12 em 12 horas) em casos que requerem tratamento de infecção respiratória purulenta (com a presença de pus) grave ou recorrente. \n\n## **- Tratamento de curta duração (gonorreia): dose única de 3 g.**"", ""g ao dia em doses divididas): recomenda-se uma dose de 3 g (seis cápsulas) duas vezes ao dia (de 12 em 12 horas) em casos que requerem tratamento de infecção respiratória purulenta (com a presença de pus) grave ou recorrente. \n\n## **- Tratamento de curta duração (gonorreia): dose única de 3 g.** \n\n**Erradicação de** _**Helicobacter pylori:**_ para combater o _Helicobacter_ (bactéria que ataca o estômago e o duodeno), recomenda-se o uso de Amoxil[®] no esquema de 1 g duas vezes ao dia (de 12 em 12 horas), em associação com um medicamento conhecido como inibidor da bomba de prótons (exemplo: omeprazol, lanzoprazol) e outro agente antimicrobiano (por exemplo claritromicina, metronidazol), por 7 dias. \n\n## **Pacientes com insuficiência renal (dos rins)** \n\nNa insuficiência renal, a eliminação do antibiótico é mais lenta. Conforme o grau dessa condição, seu médico pode indicar a redução da dose diária total de acordo com o esquema descrito a seguir. \n\nAdultos e crianças acima de 40 kg \n\n- insuficiência leve: nenhuma alteração de dose; \n\n- insuficiência moderada: máximo de 500 mg (uma cápsula) duas vezes ao dia (de 12 em 12 horas); \n\n- insuficiência grave: máximo de 500 mg (uma cápsula) ao dia. \n\n3 \n\n**==> picture [87 x 28] intentionally omitted <==**\n\n## Modelo de Texto de Bula – Pacientes Amoxil[®] Cápsulas \n\n## **Pacientes que recebem diálise peritoneal**"", ""imo de 500 mg (uma cápsula) duas vezes ao dia (de 12 em 12 horas); \n\n- insuficiência grave: máximo de 500 mg (uma cápsula) ao dia. \n\n3 \n\n**==> picture [87 x 28] intentionally omitted <==**\n\n## Modelo de Texto de Bula – Pacientes Amoxil[®] Cápsulas \n\n## **Pacientes que recebem diálise peritoneal** \n\nUsa-se a mesma posologia indicada para pacientes com insuficiência renal grave. A diálise peritoneal (processo de limpeza das substâncias tóxicas do organismo através do peritônio, membrana que envolve o abdômen) não remove a amoxicilina do corpo. \n\n## **Pacientes que recebem hemodiálise** \n\nUsa-se a mesma posologia indicada para pacientes com insuficiência renal grave. \n\nA amoxicilina é removida do sangue por hemodiálise (processo que substitui os rins na filtragem sanguínea). Portanto, uma dose adicional (500 mg para adultos e crianças acima de 40kg ou 15 mg/kg para crianças abaixo de 40 kg) pode ser administrada durante e no final de cada diálise. \n\nSeu médico poderá indicar tratamento por via parenteral (feito com aplicação de injeções intravenosas, intramusculares ou subcutâneas) nos casos em que a via oral for considerada inadequada (particularmente nos tratamentos urgentes de infecções graves). \n\nConforme o grau de insuficiência renal, talvez seu médico ache necessário reduzir a dose diária total. \n\n**Siga a orientação de seu médico, respeitando sempre os horários, as doses e a duração do tratamento. Não interrompa o tratamento sem o conhecimento de seu médico. Este medicamento não deve ser partido ou mastigado.** \n\n## **7."", ""servada em geladeira (entre 2[o] C e 8[o] C). \n\n## **Agite a suspensão oral antes de usá-la.** \n\n3 \n\n**==> picture [86 x 28] intentionally omitted <==**\n\n## Modelo de Texto de Bula – Pacientes Amoxil[®] Pó para suspensão oral \n\n## **Posologia** \n\n## **Dose para adultos e crianças acima de 40 kg** \n\nDose padrão: 250 mg três vezes ao dia (de 8 em 8 horas), podendo ser aumentada para 500 mg três vezes ao dia (de 8 em 8 horas) nas infecções mais graves. \n\n## **Tratamento com dosagem alta (máximo recomendável de 6 g ao dia em doses divididas)** \n\nRecomenda-se uma dose de 3g duas vezes ao dia (de 12 em 12 horas) nos casos que requerem tratamento de infecção respiratória purulenta (com a presença de pus) grave ou recorrente. \n\n## **Tratamento de curta duração** \n\nGonorreia: dose única de 3 g. \n\n## **Erradicação de** _**Helicobacter pylori**_ **em úlcera péptica (no duodeno ou no estômago)** \n\nPara combater o _Helicobacter_ (bactéria que ataca o estômago e o duodeno), recomenda-se o uso de **Amoxil[®]** no esquema de 750 mg a 1 g duas vezes ao dia, em associação com um inibidor da bomba de prótons (exemplo: omeprazol, lanzoprazol) e outro agente antimicrobiano (por exemplo claritromicina, metronidazol), por 7 dias. \n\n## **Dose para crianças abaixo de 40 kg** \n\nDose padrão para crianças: 20 a 50 mg/kg/dia em doses divididas (de 8 em 8 horas), até um máximo de 150 mg/kg/dia em doses divididas. \n\n## **Pacientes com insuficiência renal (dos rins)**"", ""robiano (por exemplo claritromicina, metronidazol), por 7 dias. \n\n## **Dose para crianças abaixo de 40 kg** \n\nDose padrão para crianças: 20 a 50 mg/kg/dia em doses divididas (de 8 em 8 horas), até um máximo de 150 mg/kg/dia em doses divididas. \n\n## **Pacientes com insuficiência renal (dos rins)** \n\nNa insuficiência renal, a eliminação do antibiótico é mais lenta. Conforme o grau dessa condição, seu médico pode indicar a redução da dose diária total de acordo com o esquema descrito a seguir. \n\nAdultos e crianças acima de 40 kg \n\n- insuficiência leve: nenhuma alteração de dose; \n\n- insuficiência moderada: máximo de 500 mg duas vezes ao dia (de 12 em 12 horas); \n\n- insuficiência grave: máximo de 500 mg uma vez ao dia. \n\nCrianças abaixo de 40 kg \n\n- insuficiência leve: nenhuma alteração de dose; \n\n- insuficiência moderada: 15 mg/kg duas vezes ao dia (de 12/12 horas); (no máximo de 500mg duas vezes ao dia); \n\n- insuficiência grave: 15 mg/kg uma vez ao dia. (no máximo de 500mg). \n\n## **Pacientes que recebem diálise peritoneal** \n\nUsa-se a mesma posologia indicada para pacientes com insuficiência renal grave. A diálise peritoneal (processo de limpeza das substâncias tóxicas do organismo através do peritônio, membrana que envolve o abdômen) não remove a amoxicilina do corpo. \n\n## **Pacientes que recebem hemodiálise** \n\nUsa-se a mesma posologia indicada para pacientes com insuficiência renal grave.""]",0.042,6.84,,,,,,False,{}
graph_rag,ollama:mediphi-instruct,AMOXIL,Amoxil pode causar diarreia?,facil,"Sim. Diarreia é uma reação comum, ocorrendo entre 1% e 10% dos pacientes que utilizam Amoxil.",QUAIS OS MALES QUE ESTE MEDICAMENTO PODE ME CAUSAR?,"De acordo com a bula consultada de AMOXIL, nas seções ""QUANDO NÃO DEVO USAR ESTE MEDICAMENTO?"" e ""O QUE DEVO SABER ANTES DE USAR ESTE MEDICAMENTO?"", consta a seguinte informação: 

Amoxil pode piorar algumas condições existentes ou causar diarreia grave (colite pseudomembranosa). Você deve estar atento a determinados sintomas enquanto estiver recebendo Amoxil para ajudar a reduzir o risco de quaisquer problemas.

---
*Esta resposta se baseia apenas nos trechos da bula recuperados e não substitui orientação médica ou farmacêutica.*","De acordo com a bula consultada de AMOXIL, nas seções ""QUANDO NÃO DEVO USAR ESTE MEDICAMENTO?"" e ""O QUE DEVO SABER ANTES DE USAR ESTE MEDICAMENTO?"", consta a seguinte informação: 

Amoxil pode piorar algumas condições existentes ou causar diarreia grave (colite pseudomembranosa). Você deve estar atento a determinados sintomas enquanto estiver recebendo Amoxil para ajudar a reduzir o risco de quaisquer problemas.","QUANDO NÃO DEVO USAR ESTE MEDICAMENTO?, O QUE DEVO SABER ANTES DE USAR ESTE MEDICAMENTO?","chunk_d22f44452468, chunk_e3c9fe99e5cd, chunk_6fd3c193ea42, chunk_622fb4d46c7e, chunk_621ddc66ac1b, chunk_11cbb1217441, chunk_9d394eb70d17, chunk_2273c1b76ec0","[""já teve diarreia durante ou após o uso de antibióticos. \n\n1 \n\n**==> picture [87 x 28] intentionally omitted <==**\n\n## Modelo de Texto de Bula – Pacientes Amoxil[®] Cápsulas \n\nO uso prolongado também pode resultar, ocasionalmente, em supercrescimento de microrganismos resistentes a **Amoxil[®]** . \n\n**Amoxil[®]** pode piorar algumas condições existentes ou causar efeitos colaterais graves, como reações alérgicas severas, reações cutâneas severas, dor no peito, vômitos repetitivos dentro de 1 a 4 horas após a administração de **Amoxil[®]** ou diarreia grave (colite pseudomembranosa). Você deve estar atento a determinados sintomas enquanto estiver recebendo **Amoxil[®]** para ajudar a reduzir o risco de quaisquer problemas. \n\n## **Efeitos sobre a capacidade de dirigir veículos e de operar máquinas** \n\nNão se observaram efeitos adversos sobre a capacidade de dirigir veículos e de operar máquinas. \n\n## **Gravidez e amamentação** \n\n**Amoxil[®]** pode ser usado na gravidez desde que os benefícios potenciais sejam maiores que os riscos potenciais associados ao tratamento. Informe seu médico se você estiver grávida ou suspeitar que está grávida. Você não deve tomar este medicamento se estiver grávida, exceto se seu médico recomendar. \n\nVocê pode amamentar seu bebê enquanto estiver tomando **Amoxil[®]** , mas há excreção de quantidades mínimas de amoxicilina no leite materno. Se você estiver amamentando, informe ao seu médico antes de iniciar o tratamento com **Amoxil[®]** ."", ""O QUE DEVO SABER ANTES DE USAR ESTE MEDICAMENTO?** \n\n**Amoxil**[] suspensão contém aspartamo, que é fonte de fenilalanina e deve ser usado com cautela em pacientes com fenilcetonúria. Informe seu médico caso você tenha uma doença chamada fenilcetonúria. Antes de iniciar o tratamento com **Amoxil**[] , informe seu médico: \n\n- se você já apresentou reação alérgica a algum antibiótico. Isso pode incluir reações na pele ou inchaço na face ou pescoço ou dores no peito. \n\n1 \n\n**==> picture [86 x 28] intentionally omitted <==**\n\n## Modelo de Texto de Bula – Pacientes Amoxil[®] Pó para suspensão oral \n\n- se você apresenta febre glandular. \n\n- se você toma medicamentos usados para prevenir coágulos sanguíneos (anticoagulantes), tais como varfarina, o seu médico fará um monitoramento e, se necessário, poderá sugerir ajustes na dose dos anticoagulantes. \n\n- se você apresenta problema nos rins. \n\n- se você não estiver urinando regularmente. \n\n- se você já teve diarreia durante ou após o uso de antibióticos. \n\nO uso prolongado também pode resultar, ocasionalmente, em supercrescimento de microrganismos resistentes a **Amoxil[®]** . \n\n**Amoxil[®]** pode piorar algumas condições existentes ou causar efeitos colaterais graves, como reações alérgicas severas, reações cutâneas severas, dor no peito, vômitos repetitivos dentro de 1 a 4 horas após a administração de **Amoxil[®]** ou diarreia grave (colite pseudomembranosa). Você deve estar atento a determinados sintomas enquanto estiver recebendo **Amoxil[®]** para ajudar a reduzir o risco de quaisquer problemas."", ""utâneas severas, dor no peito, vômitos repetitivos dentro de 1 a 4 horas após a administração de **Amoxil[®]** ou diarreia grave (colite pseudomembranosa). Você deve estar atento a determinados sintomas enquanto estiver recebendo **Amoxil[®]** para ajudar a reduzir o risco de quaisquer problemas. \n\n## **Efeitos sobre a capacidade de dirigir veículos e de operar máquinas** \n\nNão se observaram efeitos adversos sobre a capacidade de dirigir veículos e de operar máquinas. \n\n## **Gravidez e amamentação** \n\n**Amoxil[®]** pode ser usado na gravidez desde que os benefícios potenciais sejam maiores que os riscos potenciais associados ao tratamento. Informe seu médico se você estiver grávida ou suspeitar que está grávida. Você não deve tomar este medicamento se estiver grávida, exceto se seu médico recomendar. \n\nVocê pode amamentar seu bebê enquanto estiver tomando **Amoxil[®]** , mas há excreção de quantidades mínimas de amoxicilina no leite materno. Se você estiver amamentando, informe ao seu médico antes de iniciar o tratamento com **Amoxil[®]** . \n\n## **Este medicamento não deve ser utilizado por mulheres grávidas sem orientação médica ou do cirurgião-dentista.** \n\n**Uso compatível com o aleitamento ou doação de leite humano. O uso desse medicamento não interfere no aleitamento do bebê.** \n\n## **Atenção: Contém fenilalanina.** \n\n**Este produto contém benzoato de sódio, que pode causar reações alérgicas, como asma, especialmente em pessoas alérgicas ao ácido acetilsalicílico.** \n\n## **Uso em idosos, crianças e outros grupos de risco**"", ""QUANDO NÃO DEVO USAR ESTE MEDICAMENTO?** \n\nEste medicamento não pode ser administrado nem ingerido por pessoas alérgicas à amoxicilina, a outros antibióticos penicilínicos ou antibióticos similares, chamados cefalosporinas. Se você já teve uma reação alérgica (como erupções da pele) ao tomar um antibiótico, deve conversar com seu médico antes de usar **Amoxil[®] .** \n\n## **4. O QUE DEVO SABER ANTES DE USAR ESTE MEDICAMENTO** ? \n\nAntes de iniciar o tratamento com **Amoxil**[] , informe seu médico: \n\n- se você já apresentou reação alérgica a algum antibiótico. Isso pode incluir reações na pele ou inchaço na face ou pescoço ou dores no peito. \n\n- se você apresenta febre glandular. \n\n- se você toma medicamentos usados para prevenir coágulos sanguíneos (anticoagulantes), tais como varfarina, o seu médico fará um monitoramento e, se necessário, poderá sugerir ajustes na dose dos anticoagulantes. \n\n- se você apresenta problema nos rins. \n\n- se você não estiver urinando regularmente. \n\n- se você já teve diarreia durante ou após o uso de antibióticos. \n\n1 \n\n**==> picture [87 x 28] intentionally omitted <==**\n\n## Modelo de Texto de Bula – Pacientes Amoxil[®] Cápsulas \n\nO uso prolongado também pode resultar, ocasionalmente, em supercrescimento de microrganismos resistentes a **Amoxil[®]** ."", ""camento não interfere no aleitamento do bebê.** \n\n## **Atenção: Contém fenilalanina.** \n\n**Este produto contém benzoato de sódio, que pode causar reações alérgicas, como asma, especialmente em pessoas alérgicas ao ácido acetilsalicílico.** \n\n## **Uso em idosos, crianças e outros grupos de risco** \n\nAs recomendações especiais se referem às dosagens . Não há contraindicação relativa a faixas etárias. \n\n## **Interações medicamentosas** \n\nAlguns medicamentos podem causar efeitos indesejáveis se você os ingerir durante o tratamento com **Amoxil[®]** . Não deixe de avisar seu médico caso você esteja tomando: \n\n- medicamentos usados no tratamento de gota (probenecida ou alopurinol); \n\n- outros antibióticos; \n\n- pílulas anticoncepcionais (como acontece com outros antibióticos, talvez sejam necessárias precauções adicionais para evitar a gravidez); \n\n- anticoagulantes; \n\n- metotrexato (usado para tratar doenças como câncer e psoríase grave). \n\nA alimentação não interfere na ação de **Amoxil[®]** , que pode ser ingerido nas refeições. \n\n2 \n\n**==> picture [86 x 28] intentionally omitted <==**\n\n## Modelo de Texto de Bula – Pacientes Amoxil[®] Pó para suspensão oral \n\n**Informe seu médico ou cirurgião-dentista se você está fazendo uso de algum outro medicamento. Não use medicamento sem o conhecimento de seu médico. Pode ser perigoso para sua saúde.**"", ""íase grave). A alimentação não interfere na ação de **Amoxil[®]** , que pode ser ingerido nas refeições. \n\n**Informe ao seu médico ou cirurgião-dentista se você está fazendo uso de algum outro medicamento. Não use medicamento sem o conhecimento do seu médico. Pode ser perigoso para a sua saúde.** \n\n**Atenção: Contém os corantes vermelho de eritrosina, azul de indigotina, dióxido de titânio e óxido de ferro amarelo que podem, eventualmente, causar reações alérgicas.** \n\n**É importante utilizar este medicamento durante todo o tempo prescrito pelo profissional de saúde habilitado, mesmo que os sinais e sintomas da infecção tenham desaparecido, pois isso não significa a cura. A interrupção do tratamento pode contribuir para o aparecimento de infecções mais graves.** \n\n## **5."", ""QUANDO NÃO DEVO USAR ESTE MEDICAMENTO?** \n\nEste medicamento não pode ser usado por pessoas alérgicas à amoxicilina, a outros antibióticos penicilínicos ou antibióticos similares, chamados cefalosporinas. Se você já teve uma reação alérgica (como erupções da pele) ao tomar um antibiótico, deve conversar com seu médico antes de usar **Amoxil[®]** . \n\n## **4."", ""QUAIS OS MALES QUE ESTE MEDICAMENTO PODE ME CAUSAR?** \n\nAvise seu médico o mais cedo possível se você não se sentir bem durante o tratamento com **Amoxil[®]** . Assim como todo medicamento, **Amoxil[®]** pode provocar reações adversas, porém isso não ocorre com todas as pessoas. Os efeitos colaterais deste medicamento geralmente são leves. \n\n## **Reações comuns (ocorrem entre 1% e 10% dos pacientes que utilizam este medicamento):** \n\n- Diarreia (várias evacuações amolecidas por dia) e enjoo; quando isso acontece, os sintomas normalmente são leves e com frequência podem ser evitados tomando-se o medicamento no início das refeições. Se continuarem ou se tornarem graves, consulte o médico. \n\n- Erupções da pele. \n\n## **Reações incomuns (ocorrem entre 0,1% e 1% dos pacientes que utilizam este medicamento):** \n\n- Vômito, urticária e coceira. \n\n## **Reações muito raras (ocorrem em menos de 0,01% dos pacientes que utilizam este medicamento):** \n\n- Diminuição de glóbulos brancos (leucopenia reversível), que pode resultar em infecções frequentes, como febre, calafrios, inflamação da garganta ou úlceras na boca; \n\n- Baixa contagem de plaquetas (trombocitopenia reversível), que pode resultar em sangramento ou hematomas (manchas roxas) que surgem com mais facilidade que o normal; \n\n- Destruição de glóbulos vermelhos e consequentemente anemia (anemia hemolítica), que pode resultar em cansaço, dores de cabeça e falta de ar causada pela prática de exercícios físicos, vertigem, palidez e amarelamento da pele e/ou dos olhos;""]",0.037,11.824,,,,,,False,{}
graph_rag,ollama:mediphi-instruct,AMOXIL,Como devo guardar as cápsulas de Amoxil?,facil,"As cápsulas de Amoxil devem ser conservadas na embalagem original, protegidas da umidade e em temperatura ambiente, entre 15 °C e 30 °C. Todo medicamento deve ser mantido fora do alcance das crianças.","ONDE, COMO E POR QUANTO TEMPO POSSO GUARDAR ESTE MEDICAMENTO?","De acordo com a bula consultada de AMOXIL, na seção ""ONDE, COMO E POR QUANTO TEMPO POSSO GUARDAR ESTE MEDICAMENTO?"" consta a seguinte informação: 

As cápsulas devem ser mantidas em temperatura ambiente (entre 15[o] C e 30[o] C), protegidas da umidade, na sua embalagem original. Após preparar uma suspensão oral a partir das cápsulas de Amoxil, guarde-a refrigerada entre 2[o] C e 8[o] C por até 14 dias após o reconstituição.

---
*Esta resposta se baseia apenas nos trechos da bula recuperados e não substitui orientação médica ou farmacêutica.*","De acordo com a bula consultada de AMOXIL, na seção ""ONDE, COMO E POR QUANTO TEMPO POSSO GUARDAR ESTE MEDICAMENTO?"" consta a seguinte informação: 

As cápsulas devem ser mantidas em temperatura ambiente (entre 15[o] C e 30[o] C), protegidas da umidade, na sua embalagem original. Após preparar uma suspensão oral a partir das cápsulas de Amoxil, guarde-a refrigerada entre 2[o] C e 8[o] C por até 14 dias após o reconstituição.","ONDE, COMO E POR QUANTO TEMPO POSSO GUARDAR ESTE MEDICAMENTO?","chunk_23a1a45ccf28, chunk_6a5892989281","[""ONDE, COMO E POR QUANTO TEMPO POSSO GUARDAR ESTE MEDICAMENTO? Cuidados de armazenamento** \n\n2 \n\n**==> picture [87 x 28] intentionally omitted <==**\n\n## Modelo de Texto de Bula – Pacientes Amoxil[®] Cápsulas \n\n## **Manter fora do alcance de crianças** \n\nConservar as cápsulas na embalagem original, protegido da umidade e em temperatura ambiente (entre 15[o] C e 30[o] C). \n\n## **Número de lote e datas de fabricação e validade: vide embalagem. Não use medicamento com o prazo de validade vencido. Guarde-o em sua embalagem original.** \n\n## **Aspecto físico/características organolépticas** \n\nCápsulas de 500 mg de duas cores (corpo amarelo opaco e tampa vermelho opaco) impressa com GS JVL e contendo um pó branco a quase branco. \n\n**Antes de usar, observe o aspecto do medicamento. Caso ele esteja no prazo de validade e você observe alguma mudança no aspecto, consulte o farmacêutico para saber se poderá utilizá-lo. Todo medicamento deve ser mantido fora do alcance das crianças.** \n\n## **6."", ""ONDE, COMO E POR QUANTO TEMPO POSSO GUARDAR ESTE MEDICAMENTO?** \n\n## **Cuidados de armazenamento** \n\n## **Manter fora do alcance de crianças** \n\nConservar o produto em pó na embalagem original, protegido da umidade e em temperatura ambiente entre (15[o] C e 30[o] C). \n\nApós preparo da suspensão, conservar em geladeira (entre 2[o] C e 8[o] C), sendo o produto válido por 14 dias após a reconstituição. \n\n**Número de lote e datas de fabricação e validade: vide embalagem.** \n\n**Não use medicamento com o prazo de validade vencido. Guarde-o em sua embalagem original. Após preparo, manter o produto por 14 dias em geladeira (entre 2[o] C e 8[o] C).** \n\n## **Aspecto físico/características organolépticas Aspecto físico:** \n\nO **Amoxil[®]** (amoxicilina) é um pó branco (para reconstituição) com grânulos amarelados, que após a reconstituição resultará em uma suspensão homogênea quase branca. \n\n## **Características organolépticas:** \n\nSuspensão oral: sabor de tutti frutti e odor característico de frutas. \n\n**Antes de usar, observe o aspecto do medicamento. Caso ele esteja no prazo de validade e você observe alguma mudança no aspecto, consulte o farmacêutico para saber se poderá utilizá-lo. Todo medicamento deve ser mantido fora do alcance das crianças.** \n\n## **6.""]",0.052,9.004,,,,,,False,{}
graph_rag,ollama:mediphi-instruct,RIVOTRIL,Para que serve o Rivotril?,facil,"Rivotril é indicado para tratar crises epilépticas e espasmos infantis, também chamados síndrome de West. Em adultos, também é indicado para transtornos de ansiedade, transtornos do humor, síndromes psicóticas, síndrome das pernas inquietas, vertigem e distúrbios do equilíbrio e síndrome da boca ardente.",PARA QUE ESTE MEDICAMENTO É INDICADO?,"De acordo com a bula consultada de RIVOTRIL, na seção ""PARA QUE ESTE MEDICAMENTO É INDICADO?"" consta a seguinte informação: 

Para que serve o Rivotril? Adulto e pediátrico Distúrbio epiléptico.

---
*Esta resposta se baseia apenas nos trechos da bula recuperados e não substitui orientação médica ou farmacêutica.*","De acordo com a bula consultada de RIVOTRIL, na seção ""PARA QUE ESTE MEDICAMENTO É INDICADO?"" consta a seguinte informação: 

Para que serve o Rivotril? Adulto e pediátrico Distúrbio epiléptico.",PARA QUE ESTE MEDICAMENTO É INDICADO?,"chunk_3fede5899876, chunk_3fede5899876","[""PARA QUE ESTE MEDICAMENTO É INDICADO? Adulto e pediátrico Distúrbio epiléptico** \n\n**Rivotril[® ]** é indicado para tratar crises epilépticas e espasmos infantis (síndrome de West). \n\n## **Adulto** \n\n**Rivotril[® ]** também é indicado para: \n\n## **Transtornos de ansiedade** \n\n- Como ansiolítico em geral. \n\n- Distúrbio do pânico com ou sem medo de espaços abertos. \n\n- Fobia social (medo de situações como falar em público). \n\n## **Transtornos do humor** \n\n- Transtorno afetivo bipolar (fases de depressão e mania): tratamento da mania. \n\n- Depressão maior: associado à antidepressivos na depressão ansiosa e início do tratamento. \n\n## **Síndromes psicóticas** \n\n Acatisia (inquietação extrema, geralmente provocada por medicamentos psiquiátricos). **Síndrome das pernas inquietas (desconforto ou dor nas pernas que leva à necessidade de movimentá-las, prejudicando o sono).** \n\n**Vertigem e distúrbios do equilíbrio:** náuseas, vômitos, desmaios, quedas, zumbidos e distúrbios auditivos. **Síndrome da boca ardente (sensação de queimação na parte interna da boca, sem alterações   físicas).** \n\n**2."", ""PARA QUE ESTE MEDICAMENTO É INDICADO? Adulto e pediátrico Distúrbio epiléptico** \n\n**Rivotril[®  ]** é indicado para tratar crises epilépticas e espasmos infantis (síndrome de West). \n\n## **Adulto** \n\n**Rivotril[® ]** também é indicado para: \n\n## **Transtornos de ansiedade** \n\n- Como ansiolítico em geral. \n\n- Distúrbio do pânico com ou sem medo de espaços abertos. \n\n- Fobia social (medo de situações como falar em público). \n\n## **Transtornos do humor** \n\n- Transtorno afetivo bipolar (fases de depressão e mania): tratamento da mania. \n\n- Depressão maior: associado a antidepressivos na depressão ansiosa e início do tratamento. \n\n## **Síndromes psicóticas** \n\n Acatisia (inquietação extrema, geralmente provocada por medicamentos  psiquiátricos). **Síndrome das pernas inquietas (desconforto ou dor nas pernas que leva à necessidade de movimentá-las, prejudicando o sono).** \n\n**Vertigem distúrbios do equilíbrio:** náuseas, vômitos, desmaios, quedas, zumbidos e distúrbios  auditivos. **Síndrome da boca ardente (sensação de queimação na parte interna da boca, sem alterações   físicas).** \n\n**2.""]",0.03,4.867,,,,,,False,{}
graph_rag,ollama:mediphi-instruct,RIVOTRIL,Como o Rivotril age no organismo?,facil,"O clonazepam pertence à classe dos benzodiazepínicos, medicamentos que causam inibição leve do sistema nervoso, com ação anticonvulsivante, sedativa leve, relaxante muscular e tranquilizante.",COMO ESTE MEDICAMENTO FUNCIONA?,"De acordo com a bula consultada de RIVOTRIL, na seção ""QUANDO NÃO DEVO USAR ESTE MEDICAMENTO?"" consta a seguinte informação:

Rivotril[® ] é contraindicado em pacientes com hipersensibilidade conhecida ao clonazepam ou qualquer dos excipientes do medicamento, insuficiência respiratória grave e comprometimento hepático. É também contraindicado para o tratamento de transtornos psiquiátricos em pacientes com histórico médico de apneia do sono devido ao risco aumentado da resposta sedativa, que pode levar a complicações respiratórias e cardiovasculares.

---
*Esta resposta se baseia apenas nos trechos da bula recuperados e não substitui orientação médica ou farmacêutica.*","De acordo com a bula consultada de RIVOTRIL, na seção ""QUANDO NÃO DEVO USAR ESTE MEDICAMENTO?"" consta a seguinte informação:

Rivotril[® ] é contraindicado em pacientes com hipersensibilidade conhecida ao clonazepam ou qualquer dos excipientes do medicamento, insuficiência respiratória grave e comprometimento hepático. É também contraindicado para o tratamento de transtornos psiquiátricos em pacientes com histórico médico de apneia do sono devido ao risco aumentado da resposta sedativa, que pode levar a complicações respiratórias e cardiovasculares.",QUANDO NÃO DEVO USAR ESTE MEDICAMENTO?,"chunk_4ff062e5e2e2, chunk_39858a900960, chunk_5e3d4ac1c930, chunk_d1e77a6a6e34, chunk_622a72b37a03, chunk_3e429871e6b5, chunk_2ff643ba29cb, chunk_a942103ead0f","[""sivantes; \n\n– Medicamentos para o estômago. \n\n## **Interações fármaco-alimento** \n\nInterações com alimentos não foram estabelecidas. O suco de toranja pode aumentar o efeito de **Rivotril**[®] . \n\n## **Interações fármaco-laboratório** \n\nInterações com testes laboratoriais não foram estabelecidas. \n\n**Informe ao seu médico ou cirurgião-dentista se você está fazendo uso de algum outro medicamento. Não use medicamento sem o conhecimento do seu médico. Pode ser perigoso para a sua   saúde.** \n\n## **5. ONDE, COMO E POR QUANTO TEMPO POSSO GUARDAR ESTE   MEDICAMENTO?** \n\n**Rivotril[®  ]** comprimidos de 0,5 mg e 2,0 mg devem ser armazenados em temperatura ambiente (entre 15 e 30   ºC). \n\n## **Número de lote e datas de fabricação e validade: vide  embalagem.** \n\n**Não use medicamento com o prazo de validade vencido. Guarde-o em sua embalagem  original.** \n\n## **Aspecto físico** \n\nOs comprimidos de 0,5 mg de **Rivotril[® ]** apresentam formato cilíndrico biplano com presença de ranhura e cor laranja pálido. \n\nOs comprimidos de 2,0 mg de **Rivotril[® ]** apresentam formato cilíndrico biplano com presença de ranhura e cor branca a levemente amarelada. \n\n## **Características organolépticas** \n\n**Rivotril[® ]** comprimidos de 0,5 mg e 2,0 mg não apresenta características marcantes que o diferenciem de outros comprimidos. \n\n**Antes de usar, observe o aspecto do medicamento. Caso ele esteja no prazo de validade e você observe alguma mudança no aspecto, consulte o farmacêutico para saber se poderá  utilizá-lo.** \n\n3 \n\n**==> picture [109 x 35] intentionally omitted <==**"", ""r, alguns analgésicos, antipsicóticos, ansiolíticos, anticonvulsivantes. \n\n– Medicamentos para o estômago. \n\n## **Interações fármaco-alimento** \n\nInterações com alimentos não foram estabelecidas. O suco de toranja pode aumentar o efeito de **Rivotril**[®] . \n\n## **Interações fármaco-laboratório** \n\nInterações com testes laboratoriais não foram estabelecidas. \n\n**Informe ao seu médico ou cirurgião-dentista se você está fazendo uso de algum outro medicamento. Não use medicamento sem o conhecimento do seu médico. Pode ser perigoso para a sua  saúde.** \n\n## **5. ONDE, COMO E POR QUANTO TEMPO POSSO GUARDAR ESTE   MEDICAMENTO?** \n\n**Rivotril[® ]** comprimidos sublinguais de 0,25 mg devem ser armazenados em temperatura ambiente (entre 15 e 30ºC). \n\n**Número de lote e datas de fabricação e validade: vide embalagem. Não use medicamento com o prazo de validade vencido. Guarde-o em sua embalagem original.** \n\n## **Aspecto físico** \n\nOs comprimidos sublinguais de 0,25 mg de **Rivotril[® ]** apresentam formato cilíndrico de cor branca. \n\n## **Características organolépticas** \n\n**Rivotril[® ]** comprimidos sublinguais não apresentam características marcantes que o diferenciem de outros comprimidos. \n\n**Antes de usar, observe o aspecto do medicamento. Caso ele esteja no prazo de validade e você observe alguma mudança no aspecto, consulte o farmacêutico para saber se poderá utilizá-lo.** \n\n## **Todo medicamento deve ser mantido fora do alcance das crianças.** \n\n## **6."", ""QUANDO NÃO DEVO USAR ESTE MEDICAMENTO?** \n\n**Rivotril[® ]** é contraindicado a pacientes com hipersensibilidade conhecida a clonazepam ou a qualquer dos excipientes do medicamento, em pacientes com insuficiência respiratória grave ou comprometimento do fígado grave, pois os benzodiazepínicos podem levar à ocorrência de comprometimento do sistema nervoso, secundário ao problema no fígado. \n\n**Rivotril[® ]** comprimidos e **Rivotril[® ]** gotas são contraindicados para o tratamento de transtornos do pânico em pacientes com histórico médico de apneia do sono. \n\n**Rivotril[® ]** é contraindicado a pacientes com glaucoma agudo de ângulo fechado. **Rivotril[® ]** pode ser usado por pacientes com glaucoma de ângulo aberto, desde que estejam recebendo terapia  apropriada. \n\n## **4. O QUE DEVO SABER ANTES DE USAR ESTE   MEDICAMENTO?** \n\nAntes de tomar **Rivotril**[®] , informe seu médico se você tem ou teve: \n\n- 1) outros problemas de saúde, como doenças nos rins ou fígado (por exemplo: cirrose hepática), distúrbio neuromuscular ou respiratório, porfiria (doença em que ocorre deficiência de enzimas específicas na via da biossíntese do heme); \n\n- 2) sinais ou sintomas de depressão e/ou tentativa de suicídio; \n\n- 3) intolerância à galactose (açúcar) ou deficiência de lactase (enzima que quebra a lactose); \n\n4) ataxia cerebelar ou espinhal (descoordenação dos movimentos por problema do cerebelo ou medula); \n\n> 5) uso regular ou intoxicação aguda por álcool ou drogas. \n\nPode ocorrer perda de efeito durante o tratamento com clonazepam."", ""lta de tônus muscular, depressão respiratória e dificuldade de sucção no bebê. Tanto a gestação quanto a suspensão de **Rivotril**[® ] podem exacerbar a epilepsia. \n\nInforme seu médico se estiver amamentando. Se você realmente precisar tomar **Rivotril[®]** , a amamentação deve ser descontinuada. \n\n## **Uso em crianças** \n\nAvaliar o risco / benefício do uso de **Rivotril[® ]** a longo prazo em pacientes pediátricos com distúrbios epilépticos. **Rivotril[® ]** pode aumentar a salivação e as secreções brônquicas em lactentes e crianças pequenas. Atenção:  manter as vias aéreas livres. \n\nNão há dados de eficácia / segurança de **Rivotril[® ]** em menores de 18 anos com distúrbio do pânico. \n\n## **Uso em idosos** \n\nOs efeitos dos benzodiazepínicos parecem ser maiores em pacientes idosos do que em pacientes mais jovens, mesmo em concentrações plasmáticas similares. \n\n## **Principais interações medicamentosas** \n\nInforme seu médico se estiver tomando outros medicamentos, incluindo as substâncias a seguir, pois elas podem interagir com **Rivotril[®]** : \n\n– Depressores do sistema nervoso central e álcool; \n\n– Medicamentos que agem no sistema nervoso: antidepressivos, medicamentos para dormir, alguns analgésicos, antipsicóticos, ansiolíticos, anticonvulsivantes; \n\n– Medicamentos para o estômago. \n\n## **Interações fármaco-alimento** \n\nInterações com alimentos não foram estabelecidas. O suco de toranja pode aumentar o efeito de **Rivotril**[®] . \n\n## **Interações fármaco-laboratório** \n\nInterações com testes laboratoriais não foram estabelecidas."", ""cantes que o diferenciem de outros comprimidos. \n\n**Antes de usar, observe o aspecto do medicamento. Caso ele esteja no prazo de validade e você observe alguma mudança no aspecto, consulte o farmacêutico para saber se poderá  utilizá-lo.** \n\n3 \n\n**==> picture [109 x 35] intentionally omitted <==**\n\n## **Todo medicamento deve ser mantido fora do alcance das  crianças.** \n\n## **6. COMO DEVO USAR ESTE  MEDICAMENTO?** \n\nTome os comprimidos por via oral com pouca quantidade de líquido não alcoólico. A dose de **Rivotril[® ]** depende da doença, da resposta clínica, idade e tolerabilidade. \n\nRecomenda-se que o tratamento inicie com doses mais baixas, que podem ser aumentadas se necessário. Siga a orientação médica. \n\n## **Distúrbios epilépticos** \n\n## Adultos \n\nDose inicial: não exceder 1,5 mg/dia, dividida em 3 doses. Aumentar a critério médico. Dose de manutenção: será definida pelo seu médico, de acordo com sua resposta. \n\nDose diária máxima recomendada: 20 mg. \n\nSe você já usa outro anticonvulsivante, avise seu médico. \n\nRecém-nascidos e crianças até 10 anos de idade ou 30 kg de peso \n\nDose inicial média: 0,01 a 0,03 mg/kg/dia. Não exceder 0,05 mg/kg/dia, dividido em 2 ou 3 doses  diárias. \n\nCrianças entre 10 e 16 anos de idade: Dose inicial: 1 a 1,5 mg/dia, dividido em 2 a 3 doses. A dose pode ser aumentada, a critério médico, até atingir a dose de manutenção individual, usualmente de 3 a 6  mg/dia. Sempre que possível, dividir a dose diária em 3 doses iguais. Caso não seja possível, a maior dose deve ser tomada antes de deitar. \n\n## **Transtornos de ansiedade**"", ""e tônus muscular, depressão respiratória e \n\ndificuldade de sucção no bebê. Tanto a gestação quanto a suspensão de **Rivotril[® ]** podem exacerbar  a epilepsia. Informe seu médico se estiver amamentando. Se você realmente precisar tomar **Rivotril[®]** , a amamentação deve ser descontinuada. \n\n2 \n\n**==> picture [109 x 35] intentionally omitted <==**\n\n## **Uso em crianças** \n\nAvaliar o risco / benefício do uso de **Rivotril[® ]** a longo prazo em pacientes pediátricos com distúrbios epilépticos. **Rivotril[®  ]** pode aumentar a salivação e as secreções brônquicas em lactentes e crianças pequenas. Atenção:  manter as vias aéreas livres. Não há dados sobre eficácia / segurança de **Rivotril[® ]** em menores de 18 anos com distúrbio do pânico. \n\n## **Uso em idosos** \n\nOs efeitos dos benzodiazepínicos parecem ser maiores em pacientes idosos do que em pacientes mais jovens, mesmo em concentrações plasmáticas similares. \n\n## **Principais interações medicamentosas** \n\nInforme seu médico, se estiver tomando outros medicamentos, incluindo as substâncias a seguir, pois elas podem interagir com **Rivotril[®]** . \n\n– Depressores do sistema nervoso central e álcool; \n\n– Medicamentos que agem no sistema nervoso: antidepressivos, medicamentos para dormir, alguns analgésicos, antipsicóticos, ansiolíticos, anticonvulsivantes. \n\n– Medicamentos para o estômago. \n\n## **Interações fármaco-alimento** \n\nInterações com alimentos não foram estabelecidas. O suco de toranja pode aumentar o efeito de **Rivotril**[®] . \n\n## **Interações fármaco-laboratório**"", ""ionally omitted <==**\n\ndepressão respiratória e dificuldade de sucção no bebê. Tanto a gestação quanto a suspensão de **Rivotril[® ]** podem exacerbar a epilepsia. \n\nInforme seu médico se estiver amamentando. Se você realmente precisar tomar **Rivotril[®]** , a amamentação deve ser descontinuada. \n\n## **Uso em crianças** \n\nAvaliar o risco / benefício do uso de **Rivotril[® ]** a longo prazo em pacientes pediátricos com distúrbios epilépticos. **Rivotril[® ]** pode aumentar a salivação e as secreções brônquicas em lactentes e crianças pequenas. Atenção:  manter as vias aéreas livres. \n\nNão há dados de eficácia / segurança de **Rivotril[® ]** em menores de 18 anos com distúrbio do pânico. \n\n**Uso em idosos** \n\nOs efeitos dos benzodiazepínicos parecem ser maiores em pacientes idosos do que em pacientes mais jovens, mesmo em concentrações plasmáticas similares, \n\n## **Principais interações medicamentosas** \n\nInforme seu médico, se estiver tomando outros medicamentos, incluindo as substâncias a seguir, pois elas podem interagir com **Rivotril[®]** . \n\n**-** Depressores do sistema nervoso central e álcool; \n\n**-** Medicamentos que agem no sistema nervoso: antidepressivos, medicamentos para dormir, alguns analgésicos, antipsicóticos, ansiolíticos, anticonvulsivantes; \n\n**-** Medicamentos para o estômago. \n\n## **Interações fármaco-alimento** \n\nInterações com alimentos não foram estabelecidas. O suco de toranja pode aumentar o efeito de **Rivotril[®]** . \n\n## **Interações fármaco-laboratório** \n\nInterações com testes laboratoriais não foram estabelecidas."", ""COMO DEVO USAR ESTE MEDICAMENTO?** \n\nColocar o comprimido sublingual debaixo da língua para ser dissolvido na saliva e absorvido por pelo menos, 3 minutos, sem ser deglutido. \n\n**Este medicamento não deve ser partido ou  mastigado.** \n\nA dose de **Rivotril[® ]** depende da doença resposta clínica, idade e tolerabilidade. \n\nRecomenda-se, que o tratamento inicie com doses mais baixas, que podem ser aumentadas se necessário. Siga a orientação médica. \n\n3 \n\n**==> picture [109 x 35] intentionally omitted <==**\n\n## **Distúrbios epilépticos** \n\nAdultos \n\nDose inicial: não exceder 1,5 mg/dia, dividida em 3 doses. Aumentar a critério médico. Dose de manutenção: será definida pelo seu médico, de acordo com sua  resposta. \n\nDose diária máxima recomendada: 20 mg. \n\nSe você já usa outro anticonvulsivante, avise seu médico. \n\nCrianças entre 10 e 16 anos de idade: Dose inicial: 1 a 1,5 mg/dia, dividido em 2 a 3 doses. A dose pode ser aumentada, a critério médico, até atingir a dose de manutenção individual, usualmente de 3 a 6 mg/dia. Sempre que possível, dividir a dose diária em 3 doses iguais. Caso não seja possível, a maior dose deve ser tomada antes de deitar. \n\n## **Transtornos de ansiedade** \n\n- **Distúrbio do pânico:** Adultos: – Dose inicial: 0,5 mg/dia, dividida em duas doses. Pode-se aumentar a dose, a critério médico. - Dose de manutenção: a critério médico, de acordo com sua resposta. A dose tomada, ao deitar, reduz a inconveniência da sonolência e pode ser desejável no início do tratamento. A retirada deve ser gradual, até que o medicamento seja totalmente suspenso.""]",0.037,15.138,,,,,,False,{}
graph_rag,ollama:mediphi-instruct,RIVOTRIL,Quem não deve usar o Rivotril?,facil,"Rivotril é contraindicado para pacientes com hipersensibilidade conhecida ao clonazepam ou a qualquer excipiente, insuficiência respiratória grave, comprometimento grave do fígado ou glaucoma agudo de ângulo fechado. Rivotril comprimidos e gotas também são contraindicados para tratamento de transtornos do pânico em pacientes com histórico de apneia do sono.",QUANDO NÃO DEVO USAR ESTE MEDICAMENTO?,"De acordo com a bula consultada de RIVOTRIL, os seguintes pacientes devem evitar utilizar este medicamento: 
- Pacientes com comprometimento grave do fígado. 
The information provided is based on the text from the drug's label and should not be used for diagnosis or treatment without consulting a healthcare professional.

---
*Esta resposta se baseia apenas nos trechos da bula recuperados e não substitui orientação médica ou farmacêutica. É recomendável consultar um profissional de saúde para orientação individualizada.*","De acordo com a bula consultada de RIVOTRIL, os seguintes pacientes devem evitar utilizar este medicamento: 
- Pacientes com comprometimento grave do fígado. 
The information provided is based on the text from the drug's label and should not be used for diagnosis or treatment without consulting a healthcare professional.","COMO DEVO USAR ESTE MEDICAMENTO?, ONDE, COMO E POR QUANTO TEMPO POSSO GUARDAR ESTE MEDICAMENTO?","chunk_063f6288233c, chunk_140011e11d9c, chunk_a942103ead0f, chunk_a2180c9f13ba, chunk_e51cd06c2139, chunk_ec62bef15b0b, chunk_ddd8cf00aa9e, chunk_ddd8cf00aa9e","[""utilizada em idosos. Deve-se ter especial cuidado durante as alterações na dose. \n\n**Comprometimento do fígado:** pacientes com comprometimento do fígado grave não devem ser tratados com clonazepam e pacientes com comprometimento hepático leve a moderado devem receber a dose mais baixa possível. \n\n## **Instruções especiais de administração** \n\n**Rivotril[® ]** pode ser usado com outros antiepilépticos. Nesse caso, seu médico ajustará a dose de cada medicamento para atingir o efeito ideal. \n\nNão pare de tomar **Rivotril[® ]** subitamente, você pode ter novas crises epilépticas. Somente seu médico poderá orientar a interrupção do tratamento reduzindo gradualmente a dose utilizada. \n\n**Siga a orientação de seu médico, respeitando sempre os horários, as doses e a duração do tratamento. Não interrompa o tratamento sem o conhecimento do seu médico.** \n\n**7. O QUE DEVO FAZER QUANDO EU ME ESQUECER DE USAR ESTE   MEDICAMENTO?** Nunca dobre a dose na próxima tomada.  Apenas continue com a próxima dose no tempo determinado. \n\n4 \n\n**==> picture [109 x 35] intentionally omitted <==**\n\n## **Em caso de dúvidas, procure orientação do farmacêutico, do seu médico ou   cirurgião-dentista.** \n\n## **8. QUAIS OS MALES QUE ESTE MEDICAMENTO PODE ME   CAUSAR?**"", ""COMO DEVO USAR ESTE MEDICAMENTO?** \n\nAdministrar por via oral. Ver figura abaixo. Dissolver as gotas em um pouco de líquido não alcoólico. Nunca administre as gotas diretamente na boca. \n\nA tampa possui lacre inviolável. Caso o lacre esteja rompido, não receba o frasco ou retorne ao local da compra. \n\n3 \n\n**==> picture [109 x 35] intentionally omitted <==**\n\n**==> picture [140 x 59] intentionally omitted <==**\n\nA dose de **Rivotril[® ]** depende da doença, resposta clínica, idade e tolerabilidade. \n\nRecomenda-se que o tratamento inicie com doses mais baixas, que podem ser aumentadas se necessário. Siga a orientação médica. \n\n## **Distúrbios epilépticos** \n\n## Adultos \n\nDose inicial: não exceder 1,5 mg/dia, dividida em 3 doses. Aumentar a critério médico. Dose de manutenção: será definida pelo seu médico, de acordo com sua resposta. Dose diária máxima recomendada: 20 mg. \n\nSe você já usa outro anticonvulsivante, avise seu médico. \n\nRecém-nascidos e crianças até 10 anos de idade ou 30kg de peso: Dose inicial: 0,01 a 0,03mg/kg/dia. Não exceder 0,05 mg/kg/dia, dividido em 2 ou 3 doses diárias. \n\nCrianças entre 10 e 16 anos de idade: Dose inicial: 1 a 1,5 mg/dia, dividido em 2 a 3 doses. A dose pode ser aumentada a critério médico, até atingir a dose de manutenção individual, usualmente de 3 a 6 mg/dia. Sempre que possível, dividir a dose diária em 3 doses iguais. Caso não seja possível, a maior dose deve ser tomada antes de deitar. \n\n## **Transtornos de ansiedade**"", ""COMO DEVO USAR ESTE MEDICAMENTO?** \n\nColocar o comprimido sublingual debaixo da língua para ser dissolvido na saliva e absorvido por pelo menos, 3 minutos, sem ser deglutido. \n\n**Este medicamento não deve ser partido ou  mastigado.** \n\nA dose de **Rivotril[® ]** depende da doença resposta clínica, idade e tolerabilidade. \n\nRecomenda-se, que o tratamento inicie com doses mais baixas, que podem ser aumentadas se necessário. Siga a orientação médica. \n\n3 \n\n**==> picture [109 x 35] intentionally omitted <==**\n\n## **Distúrbios epilépticos** \n\nAdultos \n\nDose inicial: não exceder 1,5 mg/dia, dividida em 3 doses. Aumentar a critério médico. Dose de manutenção: será definida pelo seu médico, de acordo com sua  resposta. \n\nDose diária máxima recomendada: 20 mg. \n\nSe você já usa outro anticonvulsivante, avise seu médico. \n\nCrianças entre 10 e 16 anos de idade: Dose inicial: 1 a 1,5 mg/dia, dividido em 2 a 3 doses. A dose pode ser aumentada, a critério médico, até atingir a dose de manutenção individual, usualmente de 3 a 6 mg/dia. Sempre que possível, dividir a dose diária em 3 doses iguais. Caso não seja possível, a maior dose deve ser tomada antes de deitar. \n\n## **Transtornos de ansiedade** \n\n- **Distúrbio do pânico:** Adultos: – Dose inicial: 0,5 mg/dia, dividida em duas doses. Pode-se aumentar a dose, a critério médico. - Dose de manutenção: a critério médico, de acordo com sua resposta. A dose tomada, ao deitar, reduz a inconveniência da sonolência e pode ser desejável no início do tratamento. A retirada deve ser gradual, até que o medicamento seja totalmente suspenso."", ""ima tomada.  Apenas continue com a próxima dose no tempo determinado. \n\n4 \n\n**==> picture [109 x 35] intentionally omitted <==**\n\n## **Em caso de dúvidas, procure orientação do farmacêutico, do seu médico ou   cirurgião-dentista.** \n\n## **8. QUAIS OS MALES QUE ESTE MEDICAMENTO PODE ME   CAUSAR?** \n\nAlgumas reações são transitórias e desaparecem espontaneamente no decorrer do tratamento ou com redução da dose. As reações que ocorreram em ≥ 5% dos pacientes em estudos clínicos foram: sonolência, dor de cabeça, infecção das vias aéreas superiores, cansaço, gripe, depressão, vertigem, irritabilidade, insônia, perda da coordenação de movimentos e da marcha, perda do equilíbrio, náusea, sensação de cabeça leve, sinusite e concentração prejudicada. \n\n## **Pós-comercialização:** \n\n**Distúrbios do sistema imunológico** : reações alérgicas e muito poucos casos de anafilaxia (reação alérgica grave). \n\n**Distúrbios endócrinos** : casos isolados, reversíveis, de puberdade precoce incompleta em  crianças."", ""ONDE, COMO E POR QUANTO TEMPO POSSO GUARDAR ESTE MEDICAMENTO?** \n\n**Rivotri** l **[®]** solução oral deve ser armazenado em temperatura ambiente (entre 15 e 30 ºC) e protegido do calor. \n\n**Número de lote e datas de fabricação e validade: vide embalagem. Não use medicamento com o prazo de validade vencido. Guarde-o em sua embalagem original.** \n\n## **Aspecto físico** \n\nA solução oral de **Rivotril[® ]** é um líquido límpido a quase límpido, incolor a levemente amarelado ou amarelo esverdeado. \n\n## **Características organolépticas** \n\nA solução oral de **Rivotril[® ]** apresenta aroma de pêssego. \n\n**Antes de usar, observe o aspecto do medicamento. Caso ele esteja no prazo de validade e você observe alguma mudança no aspecto, consulte o farmacêutico para saber se poderá utilizá-lo.** \n\n**Todo medicamento deve ser mantido fora do alcance das crianças.** \n\n## **6."", ""durante o sono, noctúria (levantar à noite para urinar), retenção urinária, infecção do trato urinário. Incontinência  (raro). \n\n5 \n\n**==> picture [109 x 35] intentionally omitted <==**\n\n**Distúrbios do sistema reprodutivo** : cólicas menstruais, diminuição de interesse sexual, impotência (raro). \n\n**Distúrbios gerais** : fadiga, frequente e geralmente transitória. Reações paradoxais: vide “Distúrbios psiquiátricos”. \n\n**Lesões e envenenamento** : quedas e fraturas. Risco maior em pessoas que usam outros sedativos (incluindo bebidas alcoólicas) e em idosos. \n\n**Exames complementares** : diminuição do número de plaquetas (raro). Diminuição dos glóbulos brancos e anemia, alterações dos exames da função do fígado. \n\n## **Distúrbios do ouvido** : otite, vertigem. \n\n**Diversas** : desidratação, deterioração geral, febre, aumento dos gânglios linfáticos, ganho ou perda de peso, infecção viral. \n\n**Informe ao seu médico, cirurgião-dentista ou farmacêutico o aparecimento de reações indesejáveis pelo uso do medicamento. Informe também à empresa através do seu serviço de atendimento.** \n\n## **9."", ""O QUE FAZER SE ALGUÉM USAR UMA QUANTIDADE MAIOR DO QUE A INDICADA DESTE MEDICAMENTO? Sintomas** \n\nOs benzodiazepínicos geralmente causam sonolência, ataxia (perda da coordenação dos movimentos), disartria, nistagmo, confusão mental, excitação e lentidão de movimento. A superdose de **Rivotril[® ]** está raramente associada com risco de morte, caso o medicamento tenha sido tomado isoladamente, mas pode levar à arreflexia (ausência de reflexos), apneia, hipotensão arterial, depressão cardiorrespiratória e coma. Se ocorrer coma, normalmente tem duração de poucas horas; porém, pode ser prolongado e cíclico, particularmente em idosos. A depressão respiratória por benzodiazepínicos é mais séria em pacientes com doença respiratória. \n\nOs benzodiazepínicos aumentam os efeitos de outros depressores do sistema nervoso central, incluindo o álcool. **Conduta** \n\nMonitorar sinais vitais e instituir medidas de suporte a critério médico. **Advertência** \n\nFlumazenil não é indicado a pacientes com epilepsia que foram tratados com benzodiazepínicos. \n\n**Em caso de uso de grande quantidade deste medicamento, procure rapidamente socorro médico e leve a embalagem ou bula do medicamento, se possível. Ligue para 0800 722 6001, se você precisar de mais orientações.** \n\nMS-1.1524.0011 \n\nFarmacêutico Responsável: Dr. Adriano Costa Leite – CRF-SP n° 38.716 \n\nRegistrado por: Blanver Farmoquímica e Farmacêutica S.A. Rua Francisco Tramontano, 101 -Sala 507 Real Parque – CEP 05686-010 – São Paulo – SP CNPJ 53.359.824/0001-19"", ""me ao seu médico, cirurgião-dentista ou farmacêutico o aparecimento de reações indesejáveis pelo uso do medicamento. Informe também à empresa através do seu serviço de  atendimento.** \n\n## **9. O QUE FAZER SE ALGUÉM USAR UMA QUANTIDADE MAIOR DO QUE A INDICADADESTE MEDICAMENTO?** \n\n## **Sintomas** \n\nOs benzodiazepínicos geralmente causam sonolência, ataxia (perda da coordenação dos movimentos), disartria, nistagmo, confusão mental, excitação e lentidão de movimento. A superdose de **Rivotril[® ]** está raramente associada com risco de morte, caso o medicamento tenha sido tomado isoladamente, mas pode levar à arreflexia (ausência de reflexos), apneia, hipotensão arterial, depressão cardiorrespiratória e coma. Se ocorrer coma, normalmente tem duração de poucas horas; porém, pode ser prolongado e cíclico, particularmente em idosos. A depressão respiratória por benzodiazepínicos é mais séria em pacientes com doença  respiratória. \n\nOs benzodiazepínicos aumentam os efeitos de outros depressores do sistema nervoso central, incluindo o álcool. **Conduta** \n\nMonitorar sinais vitais e instituir medidas de suporte a critério médico. **Advertência** \n\nFlumazenil não é indicado a pacientes com epilepsia que foram tratados com benzodiazepínicos. \n\n**Em caso de uso de grande quantidade deste medicamento, procure rapidamente socorro médico e leve a embalagem ou bula do medicamento, se possível. Ligue para 0800 722 6001, se você precisar de mais orientações.** \n\nMS-1.1524.0011 \n\nFarmacêutico Responsável: Dr. Adriano Costa Leite – CRF-SP n° 38.716""]",0.047,8.463,,,,,,False,{}
graph_rag,ollama:mediphi-instruct,RIVOTRIL,Qual é a dose inicial recomendada de Rivotril para distúrbio do pânico em adultos?,facil,"Para distúrbio do pânico em adultos, a dose inicial recomendada é 0,5 mg por dia, dividida em duas doses.",COMO DEVO USAR ESTE MEDICAMENTO?,"De acordo com a bula consultada de RIVOTRIL, na seção ""COMO DEVO USAR ESTE MEDICAMENTO?"" consta a seguinte informação:
**Adultos - Distúrbios epilépticos: Dose inicial para distúrbio do pânico é 0,5 mg/dia dividida em duas doses. Pode-se aumentar conforme necessário com o consentimento médico. Aumento da dose a critério clínico de acordo com resposta individual e tolerabilidade**

---
*Esta resposta se baseia apenas nos trechos da bula recuperados e não substitui orientação médica ou farmacêutica.*","De acordo com a bula consultada de RIVOTRIL, na seção ""COMO DEVO USAR ESTE MEDICAMENTO?"" consta a seguinte informação:
**Adultos - Distúrbios epilépticos: Dose inicial para distúrbio do pânico é 0,5 mg/dia dividida em duas doses. Pode-se aumentar conforme necessário com o consentimento médico. Aumento da dose a critério clínico de acordo com resposta individual e tolerabilidade**",COMO DEVO USAR ESTE MEDICAMENTO?,"chunk_a942103ead0f, chunk_6a5892989281, chunk_140011e11d9c, chunk_6a5892989281, chunk_138608289ce9, chunk_063f6288233c, chunk_d77c1f8474ad, chunk_f81ed3e80e69","[""COMO DEVO USAR ESTE MEDICAMENTO?** \n\nColocar o comprimido sublingual debaixo da língua para ser dissolvido na saliva e absorvido por pelo menos, 3 minutos, sem ser deglutido. \n\n**Este medicamento não deve ser partido ou  mastigado.** \n\nA dose de **Rivotril[® ]** depende da doença resposta clínica, idade e tolerabilidade. \n\nRecomenda-se, que o tratamento inicie com doses mais baixas, que podem ser aumentadas se necessário. Siga a orientação médica. \n\n3 \n\n**==> picture [109 x 35] intentionally omitted <==**\n\n## **Distúrbios epilépticos** \n\nAdultos \n\nDose inicial: não exceder 1,5 mg/dia, dividida em 3 doses. Aumentar a critério médico. Dose de manutenção: será definida pelo seu médico, de acordo com sua  resposta. \n\nDose diária máxima recomendada: 20 mg. \n\nSe você já usa outro anticonvulsivante, avise seu médico. \n\nCrianças entre 10 e 16 anos de idade: Dose inicial: 1 a 1,5 mg/dia, dividido em 2 a 3 doses. A dose pode ser aumentada, a critério médico, até atingir a dose de manutenção individual, usualmente de 3 a 6 mg/dia. Sempre que possível, dividir a dose diária em 3 doses iguais. Caso não seja possível, a maior dose deve ser tomada antes de deitar. \n\n## **Transtornos de ansiedade** \n\n- **Distúrbio do pânico:** Adultos: – Dose inicial: 0,5 mg/dia, dividida em duas doses. Pode-se aumentar a dose, a critério médico. - Dose de manutenção: a critério médico, de acordo com sua resposta. A dose tomada, ao deitar, reduz a inconveniência da sonolência e pode ser desejável no início do tratamento. A retirada deve ser gradual, até que o medicamento seja totalmente suspenso."", ""ode-se aumentar a dose, a critério médico. - Dose de manutenção: a critério médico, de acordo com sua resposta. A dose tomada, ao deitar, reduz a inconveniência da sonolência e pode ser desejável no início do tratamento. A retirada deve ser gradual, até que o medicamento seja totalmente suspenso. \n\n- **Nas crises agudas de pânico** : 1 comprimido de **Rivotril[® ]** sublingual. \n\n- **Como ansiolítico em geral** : 0,25 mg a 4,0 mg/dia. Dose recomendada: 0,5 a 1,5 mg/dia (dividida em 3x/dia). \n\n- **Fobia social:** 0,25 mg/dia até 6,0 mg/dia (2,0 mg, 3x/dia). Dose recomendada: 1,0 a 2,5 mg/dia. \n\n## **Transtornos do humor** \n\n- **Transtorno afetivo bipolar** (tratamento da mania): 1,5 mg a 8 mg/dia. Dose recomendada: 2,0 a 4,0 mg/dia. \n\n- **Depressão maior** (associado a antidepressivos): 0,5 a 6,0 mg/dia. Dose recomendada:  2,0 a 4,0 mg/dia. \n\n## **Síndromes psicóticas** \n\n- **Acatisia** : 0,5 mg a 4,5 mg/dia. Dose recomendada: 0,5 e 3,0 mg/dia. \n\n**Síndrome das pernas inquietas:** 0,5 mg a 2,0 mg/dia. \n\n**Vertigem e distúrbios do equilíbrio** : 0,5 mg a 1,0 mg/dia (2x/dia). Doses diárias superiores a 1,0 mg não são recomendáveis. \n\n**Síndrome da boca ardente:** 0,25 a 6,0 mg/dia. Dose recomendada: 1,0 a 2,0 mg/dia. \n\n**Uso em idosos:** a dose mais baixa possível deve ser utilizada em idosos. Deve-se ter especial cuidado durante as alterações na dose. \n\n**Comprometimento do fígado:** pacientes com comprometimento do fígado grave não devem ser tratados com clonazepam e pacientes com comprometimento hepático leve a moderado devem receber a dose mais baixa possível."", ""COMO DEVO USAR ESTE MEDICAMENTO?** \n\nAdministrar por via oral. Ver figura abaixo. Dissolver as gotas em um pouco de líquido não alcoólico. Nunca administre as gotas diretamente na boca. \n\nA tampa possui lacre inviolável. Caso o lacre esteja rompido, não receba o frasco ou retorne ao local da compra. \n\n3 \n\n**==> picture [109 x 35] intentionally omitted <==**\n\n**==> picture [140 x 59] intentionally omitted <==**\n\nA dose de **Rivotril[® ]** depende da doença, resposta clínica, idade e tolerabilidade. \n\nRecomenda-se que o tratamento inicie com doses mais baixas, que podem ser aumentadas se necessário. Siga a orientação médica. \n\n## **Distúrbios epilépticos** \n\n## Adultos \n\nDose inicial: não exceder 1,5 mg/dia, dividida em 3 doses. Aumentar a critério médico. Dose de manutenção: será definida pelo seu médico, de acordo com sua resposta. Dose diária máxima recomendada: 20 mg. \n\nSe você já usa outro anticonvulsivante, avise seu médico. \n\nRecém-nascidos e crianças até 10 anos de idade ou 30kg de peso: Dose inicial: 0,01 a 0,03mg/kg/dia. Não exceder 0,05 mg/kg/dia, dividido em 2 ou 3 doses diárias. \n\nCrianças entre 10 e 16 anos de idade: Dose inicial: 1 a 1,5 mg/dia, dividido em 2 a 3 doses. A dose pode ser aumentada a critério médico, até atingir a dose de manutenção individual, usualmente de 3 a 6 mg/dia. Sempre que possível, dividir a dose diária em 3 doses iguais. Caso não seja possível, a maior dose deve ser tomada antes de deitar. \n\n## **Transtornos de ansiedade**"", ""2 a 3 doses. A dose pode ser aumentada a critério médico, até atingir a dose de manutenção individual, usualmente de 3 a 6 mg/dia. Sempre que possível, dividir a dose diária em 3 doses iguais. Caso não seja possível, a maior dose deve ser tomada antes de deitar. \n\n## **Transtornos de ansiedade** \n\n- **Distúrbio do pânico:** Adultos: - Dose inicial: 0,5 mg/dia, dividida em 2 doses. Pode-se aumentar a dose a critério médico. - Dose de manutenção: a critério médico, de acordo com sua resposta. A dose tomada ao deitar, reduz a inconveniência da sonolência e pode ser desejável no início do tratamento. A retirada deve ser gradual, até que o medicamento seja totalmente suspenso. \n\n- **Como ansiolítico em geral:** 0,25 mg a 4,0 mg/dia. Dose recomendada: 0,5 a 1,5 mg/dia (dividida em 3x/dia). \n\n- **Fobia social:** 0,25 mg/dia até 6,0 mg/dia (2,0 mg, 3x/dia). Dose recomendada: 1,0 a 2,5 mg/dia. \n\n## **Transtornos do humor** \n\n- **Transtorno afetivo bipolar** (tratamento da mania): 1,5 mg a 8 mg/dia. Dose recomendada: 2,0 a 4,0 mg/dia. \n\n- **Depressão maior** (associado a antidepressivos): 0,5 a 6,0 mg/dia. Dose recomendada:  2,0 a 4,0 mg/dia. \n\n## **Síndromes psicóticas** \n\n- **Acatisia** : 0,5 mg a 4,5 mg/dia. Dose recomendada: 0,5 a 3,0 mg/dia. \n\n## **Síndrome das pernas inquietas:** 0,5 mg a 2,0 mg/dia. \n\n**Vertigem e distúrbios do equilíbrio** : 0,5 mg a 1,0 mg/dia (2x/dia). Doses diárias superiores a 1,0 mg não são recomendáveis. \n\n**Síndrome da boca ardente:** 0,25 a 6,0 mg/dia. Dose recomendada: 1,0 a 2,0 mg/dia."", ""0,5 a 3,0 mg/dia. \n\n## **Síndrome das pernas inquietas:** 0,5 mg a 2,0 mg/dia. \n\n**Vertigem e distúrbios do equilíbrio** : 0,5 mg a 1,0 mg/dia (2x/dia). Doses diárias superiores a 1,0 mg não são recomendáveis. \n\n**Síndrome da boca ardente:** 0,25 a 6,0 mg/dia. Dose recomendada: 1,0 a 2,0 mg/dia. \n\n**Uso em idosos:** a dose mais baixa possível deve ser utilizada em idosos. Deve-se ter especial cuidado durante as alterações na dose. \n\n**Comprometimento do fígado:** pacientes com comprometimento do fígado grave não devem ser tratados com clonazepam e pacientes com comprometimento hepático leve a moderado devem receber a dose mais baixa possível. \n\n4 \n\n**==> picture [109 x 35] intentionally omitted <==**\n\n## **Instruções especiais de administração** \n\n**Rivotril[® ]** pode ser usado com outros antiepilépticos. Nesse caso, seu médico ajustará a dose de cada medicamento para atingir o efeito ideal. \n\nNão pare de tomar **Rivotril[® ]** subitamente, você pode ter novas crises epilépticas. Somente seu médico poderá orientar a interrupção do tratamento reduzindo gradualmente a dose utilizada. \n\n## **Siga a orientação de seu médico, respeitando sempre os horários, as doses e a duração do tratamento. Não interrompa o tratamento sem o conhecimento do seu  médico.** \n\n## **7."", ""utilizada em idosos. Deve-se ter especial cuidado durante as alterações na dose. \n\n**Comprometimento do fígado:** pacientes com comprometimento do fígado grave não devem ser tratados com clonazepam e pacientes com comprometimento hepático leve a moderado devem receber a dose mais baixa possível. \n\n## **Instruções especiais de administração** \n\n**Rivotril[® ]** pode ser usado com outros antiepilépticos. Nesse caso, seu médico ajustará a dose de cada medicamento para atingir o efeito ideal. \n\nNão pare de tomar **Rivotril[® ]** subitamente, você pode ter novas crises epilépticas. Somente seu médico poderá orientar a interrupção do tratamento reduzindo gradualmente a dose utilizada. \n\n**Siga a orientação de seu médico, respeitando sempre os horários, as doses e a duração do tratamento. Não interrompa o tratamento sem o conhecimento do seu médico.** \n\n**7. O QUE DEVO FAZER QUANDO EU ME ESQUECER DE USAR ESTE   MEDICAMENTO?** Nunca dobre a dose na próxima tomada.  Apenas continue com a próxima dose no tempo determinado. \n\n4 \n\n**==> picture [109 x 35] intentionally omitted <==**\n\n## **Em caso de dúvidas, procure orientação do farmacêutico, do seu médico ou   cirurgião-dentista.** \n\n## **8. QUAIS OS MALES QUE ESTE MEDICAMENTO PODE ME   CAUSAR?**"", ""o, hostilidade, ansiedade, distúrbios do sono, delírio, raiva, pesadelos, sonhos anormais, alucinações, psicose, hiperatividade, comportamento inapropriado e outros efeitos comportamentais. Alterações da libido (casos raros). Dependência e retirada, vide item “Abuso e dependência do medicamento”. \n\n**Distúrbios do sistema nervoso** : diminuição da concentração, sonolência, lentificação, hipotonia muscular, tonturas, ataxia são frequentes e geralmente transitórias. Dor de cabeça (raro). Distúrbios reversíveis: dificuldade para articular a fala, incoordenação de movimentos e da marcha, movimento anormal dos olhos. Pode haver esquecimento de fatos recentes, associado a alteração de comportamento. Pode haver aumento das crises convulsivas em determinadas formas de epilepsia. Perda da voz, movimento grosseiros e descoordenados de braços e pernas, coma, tremor, perda de força de um lado do corpo, sensação de cabeça leve, falta de energia e formigamento e alteração da sensibilidade nas extremidades. \n\n**Distúrbios oculares** : visão dupla reversível, aparência de “olho vítreo”. \n\n**Distúrbios cardiovasculares** : palpitações, dor torácica, insuficiência cardíaca (incluindo parada  cardíaca). \n\n**Distúrbios respiratórios** : congestão pulmonar, congestão nasal, hipersecreção, tosse, falta de ar, bronquite, rinite, faringite. Pode ocorrer depressão respiratória. **Rivotril[® ]** pode aumentar a produção de saliva ou de secreção brônquica (secreção nas vias aéreas) em lactentes e crianças."", ""*Distúrbios respiratórios** : congestão pulmonar, congestão nasal, hipersecreção, tosse, falta de ar, bronquite, rinite, faringite. Pode ocorrer depressão respiratória. **Rivotril[® ]** pode aumentar a produção de saliva ou de secreção brônquica (secreção nas vias aéreas) em lactentes e crianças. \n\n**Distúrbios gastrintestinais** : perda do apetite, língua saburrosa, constipação, diarreia, boca seca, incontinência fecal (perda do controle da evacuação), gastrite, aumento do fígado, apetite aumentado, gengivas doloridas, dor abdominal, inflamação gastrintestinal, dor de dente. Náuseas e sintomas epigástricos (raro) (sintomas na região do estômago). \n\n**Distúrbios da pele / tecido subcutâneo** : urticária (placas avermelhadas na pele que coçam bastante), coceira, erupção cutânea, perda de cabelo transitória, crescimento anormal de pelos, inchaço na face e tornozelo e alterações da pigmentação (raro). \n\n**Distúrbios musculoesqueléticos / tecido conectivo** : fraqueza muscular, frequente e geralmente transitória. Dor muscular, dor nas costas, fratura traumática, dor na nuca, deslocamentos e  tensões. **Distúrbios renais e urinários** : dificuldade para urinar, perda urinária durante o sono, noctúria (levantar à noite para urinar), retenção urinária, infecção do trato urinário. Incontinência  (raro). \n\n5 \n\n**==> picture [109 x 35] intentionally omitted <==**\n\n**Distúrbios do sistema reprodutivo** : cólicas menstruais, diminuição de interesse sexual, impotência (raro).""]",0.044,12.924,,,,,,False,{}
graph_rag,ollama:mediphi-instruct,RIVOTRIL,Rivotril pode causar sonolência?,facil,Sim. Sonolência foi uma das reações que ocorreram em 5% ou mais dos pacientes em estudos clínicos.,QUAIS OS MALES QUE ESTE MEDICAMENTO PODE ME CAUSAR?,"De acordo com a bula consultada de RIVOTRIL, nas seções ""COMO DEVO USAR ESTE MEDICAMENTO?"" e ""QUAIS OS MALES QUE ESTE MEDICAMENTO PODE ME CAUSAR?"", consta a seguinte informação: 

Rivotril pode causar sonolência, que é uma reação comum entre os benzodiazepínicos.

---
*Esta resposta se baseia apenas nos trechos da bula recuperados e não substitui orientação médica ou farmacêutica.*","De acordo com a bula consultada de RIVOTRIL, nas seções ""COMO DEVO USAR ESTE MEDICAMENTO?"" e ""QUAIS OS MALES QUE ESTE MEDICAMENTO PODE ME CAUSAR?"", consta a seguinte informação: 

Rivotril pode causar sonolência, que é uma reação comum entre os benzodiazepínicos.","COMO DEVO USAR ESTE MEDICAMENTO?, O QUE DEVO FAZER QUANDO EU ME ESQUECER DE USAR ESTE MEDICAMENTO?","chunk_a2180c9f13ba, chunk_d77c1f8474ad, chunk_6fd00831c65b, chunk_ddd8cf00aa9e, chunk_7d57d737a19d, chunk_f81ed3e80e69, chunk_f81ed3e80e69, chunk_7d57d737a19d","[""ima tomada.  Apenas continue com a próxima dose no tempo determinado. \n\n4 \n\n**==> picture [109 x 35] intentionally omitted <==**\n\n## **Em caso de dúvidas, procure orientação do farmacêutico, do seu médico ou   cirurgião-dentista.** \n\n## **8. QUAIS OS MALES QUE ESTE MEDICAMENTO PODE ME   CAUSAR?** \n\nAlgumas reações são transitórias e desaparecem espontaneamente no decorrer do tratamento ou com redução da dose. As reações que ocorreram em ≥ 5% dos pacientes em estudos clínicos foram: sonolência, dor de cabeça, infecção das vias aéreas superiores, cansaço, gripe, depressão, vertigem, irritabilidade, insônia, perda da coordenação de movimentos e da marcha, perda do equilíbrio, náusea, sensação de cabeça leve, sinusite e concentração prejudicada. \n\n## **Pós-comercialização:** \n\n**Distúrbios do sistema imunológico** : reações alérgicas e muito poucos casos de anafilaxia (reação alérgica grave). \n\n**Distúrbios endócrinos** : casos isolados, reversíveis, de puberdade precoce incompleta em  crianças."", ""o, hostilidade, ansiedade, distúrbios do sono, delírio, raiva, pesadelos, sonhos anormais, alucinações, psicose, hiperatividade, comportamento inapropriado e outros efeitos comportamentais. Alterações da libido (casos raros). Dependência e retirada, vide item “Abuso e dependência do medicamento”. \n\n**Distúrbios do sistema nervoso** : diminuição da concentração, sonolência, lentificação, hipotonia muscular, tonturas, ataxia são frequentes e geralmente transitórias. Dor de cabeça (raro). Distúrbios reversíveis: dificuldade para articular a fala, incoordenação de movimentos e da marcha, movimento anormal dos olhos. Pode haver esquecimento de fatos recentes, associado à alteração de comportamento. Pode haver aumento das crises convulsivas em determinadas formas de epilepsia. Perda da voz, movimentos grosseiros e descoordenados de braços e pernas, coma, tremor, perda de força de um lado do corpo, sensação de cabeça leve, falta de energia e formigamento, alteração da sensibilidade nas extremidades. \n\n**Distúrbios oculares** : visão dupla reversível, aparência de “olho vítreo”. \n\n**Distúrbios cardiovasculares** : palpitações, dor torácica, insuficiência cardíaca (incluindo parada  cardíaca). \n\n**Distúrbios respiratórios** : congestão pulmonar, congestão nasal, hipersecreção, tosse, falta de ar, bronquite, rinite, faringite. Pode ocorrer depressão respiratória. **Rivotril[® ]** pode aumentar a produção de saliva ou secreção brônquica (secreção nas vias aéreas) em lactentes e  crianças."", ""O QUE DEVO FAZER QUANDO EU ME ESQUECER DE USAR ESTE MEDICAMENTO?** Nunca dobre a dose na próxima tomada. Apenas continue com a próxima dose no tempo determinado. **Em caso de dúvidas, procure orientação do farmacêutico, de seu médico ou   cirurgião-dentista.** \n\n**8. QUAIS OS MALES QUE ESTE MEDICAMENTO PODE ME   CAUSAR?** Algumas reações são transitórias e desaparecem espontaneamente no decorrer do tratamento ou com redução da dose. As reações que ocorreram em ≥ 5% dos pacientes em estudos clínicos foram: sonolência, dor de cabeça, infecção das vias aéreas superiores, cansaço, gripe, depressão, vertigem, irritabilidade, insônia, perda da coordenação de movimentos e da marcha, perda do equilíbrio, náusea, sensação de cabeça leve, sinusite e concentração prejudicada. \n\n## **Pós-comercialização:** \n\n**Distúrbios do sistema imunológico** : reações alérgicas e muito poucos casos de anafilaxia (reação alérgica grave). \n\n**Distúrbios endócrinos** : casos isolados, reversíveis, de puberdade precoce incompleta em crianças."", ""me ao seu médico, cirurgião-dentista ou farmacêutico o aparecimento de reações indesejáveis pelo uso do medicamento. Informe também à empresa através do seu serviço de  atendimento.** \n\n## **9. O QUE FAZER SE ALGUÉM USAR UMA QUANTIDADE MAIOR DO QUE A INDICADADESTE MEDICAMENTO?** \n\n## **Sintomas** \n\nOs benzodiazepínicos geralmente causam sonolência, ataxia (perda da coordenação dos movimentos), disartria, nistagmo, confusão mental, excitação e lentidão de movimento. A superdose de **Rivotril[® ]** está raramente associada com risco de morte, caso o medicamento tenha sido tomado isoladamente, mas pode levar à arreflexia (ausência de reflexos), apneia, hipotensão arterial, depressão cardiorrespiratória e coma. Se ocorrer coma, normalmente tem duração de poucas horas; porém, pode ser prolongado e cíclico, particularmente em idosos. A depressão respiratória por benzodiazepínicos é mais séria em pacientes com doença  respiratória. \n\nOs benzodiazepínicos aumentam os efeitos de outros depressores do sistema nervoso central, incluindo o álcool. **Conduta** \n\nMonitorar sinais vitais e instituir medidas de suporte a critério médico. **Advertência** \n\nFlumazenil não é indicado a pacientes com epilepsia que foram tratados com benzodiazepínicos. \n\n**Em caso de uso de grande quantidade deste medicamento, procure rapidamente socorro médico e leve a embalagem ou bula do medicamento, se possível. Ligue para 0800 722 6001, se você precisar de mais orientações.** \n\nMS-1.1524.0011 \n\nFarmacêutico Responsável: Dr. Adriano Costa Leite – CRF-SP n° 38.716"", ""leve, sinusite e concentração prejudicada. \n\n## **Pós-comercialização:** \n\n**Distúrbios do sistema imunológico** : reações alérgicas e muito poucos casos de anafilaxia (reação alérgica grave). \n\n**Distúrbios endócrinos** : casos isolados, reversíveis, de puberdade precoce incompleta em  crianças. \n\n**Distúrbios psiquiátricos** : amnésia, alucinações, histeria, psicose, tentativa de suicídio, despersonalização, distúrbio de memória, desinibição orgânica, ideias suicidas, lamentações, distúrbios emocionais e de humor, estado confusional e desorientação. Depressão pode estar associada à doença de base. Reações paradoxais: inquietação, agitação, irritabilidade, agressividade, nervosismo, hostilidade, ansiedade, distúrbios do sono, delírio, raiva, pesadelos, sonhos anormais, alucinações, psicose, hiperatividade, comportamento inapropriado e outros efeitos comportamentais. Alterações da libido (casos raros). Dependência e retirada, vide item “Abuso e dependência do medicamento”."", ""*Distúrbios respiratórios** : congestão pulmonar, congestão nasal, hipersecreção, tosse, falta de ar, bronquite, rinite, faringite. Pode ocorrer depressão respiratória. **Rivotril[® ]** pode aumentar a produção de saliva ou de secreção brônquica (secreção nas vias aéreas) em lactentes e crianças. \n\n**Distúrbios gastrintestinais** : perda do apetite, língua saburrosa, constipação, diarreia, boca seca, incontinência fecal (perda do controle da evacuação), gastrite, aumento do fígado, apetite aumentado, gengivas doloridas, dor abdominal, inflamação gastrintestinal, dor de dente. Náuseas e sintomas epigástricos (raro) (sintomas na região do estômago). \n\n5 \n\n**==> picture [109 x 35] intentionally omitted <==**\n\n**Distúrbios da pele / tecido subcutâneo** : urticária (placas avermelhadas na pele que coçam bastante), coceira, erupção cutânea, perda de cabelo transitória, crescimento anormal de pelos, inchaço na face e tornozelo, alterações da pigmentação (raro). \n\n**Distúrbios musculoesqueléticos / tecido conectivo** : fraqueza muscular, frequente e geralmente transitória. Dor muscular, dor nas costas, fratura traumática, dor na nuca, deslocamentos e tensões. \n\n**Distúrbios renais / urinários** : dificuldade para urinar, perda urinária durante o sono, noctúria (levantar para urinar à noite), retenção urinária, infecção do trato urinário. Incontinência (raro). \n\n**Distúrbios do sistema reprodutivo** : cólicas menstruais, diminuição de interesse sexual. Impotência (raro)."", ""**Distúrbios respiratórios** : congestão pulmonar, congestão nasal, hipersecreção, tosse, falta de ar, bronquite, rinite, faringite. Pode ocorrer depressão respiratória. **Rivotril[® ]** pode aumentar a produção de saliva ou secreção brônquica (secreção nas vias aéreas) em lactentes e  crianças. \n\n**Distúrbios gastrintestinais** : perda do apetite, língua saburrosa, constipação, diarreia, boca seca, incontinência fecal (perda do controle da evacuação), gastrite, aumento do fígado, apetite aumentado, gengivas doloridas, dor abdominal, inflamação gastrintestinal, dor de dente. Náuseas e sintomas epigástricos (raro) (sintomas na região do estômago). \n\n5 \n\n**==> picture [109 x 35] intentionally omitted <==**\n\n**Distúrbios da pele / tecido subcutâneo** : urticária (placas avermelhadas na pele que coçam bastante), coceira, erupção cutânea, perda de cabelo transitória, crescimento anormal de pelos, inchaço na face e tornozelo, alterações da pigmentação (raro). \n\n**Distúrbios musculoesqueléticos / tecido conectivo** : fraqueza muscular frequente e geralmente transitória. Dor muscular, dor nas costas, fratura traumática, dor na nuca, deslocamentos e tensões. \n\n**Distúrbios renais / urinários** : dificuldade para urinar, perda urinária durante o sono, noctúria (levantar à noite para urinar), retenção urinária, infecção do trato urinário. Incontinência (raro). \n\n**Distúrbios do sistema reprodutivo** : cólicas menstruais, diminuição de interesse sexual, impotência  (raro)."", ""o de cabeça leve, sinusite e concentração prejudicada. \n\n## **Pós-comercialização:** \n\n**Distúrbios do sistema imunológico** : reações alérgicas e muito poucos casos de anafilaxia (reação alérgica grave). \n\n**Distúrbios endócrinos** : casos isolados, reversíveis, de puberdade precoce  incompleta. \n\n**Distúrbios psiquiátricos** : amnésia, alucinações, histeria, psicose, tentativa de suicídio, despersonalização, distúrbio de memória, desinibição orgânica, ideias suicidas, lamentações, distúrbios emocionais e de humor, estado confusional e desorientação. Depressão pode estar associada à doença de base. Reações paradoxais: inquietação, agitação, irritabilidade, agressividade, nervosismo, hostilidade, ansiedade, distúrbios do sono, delírio, raiva, pesadelos, sonhos anormais, alucinações, psicose, hiperatividade, comportamento inapropriado e outros efeitos comportamentais. Alterações da libido (casos raros). Dependência e retirada, vide item “Abuso e dependência do medicamento”.""]",0.034,9.489,,,,,,False,{}
graph_rag,ollama:mediphi-instruct,TYLENOL,Para que serve o TYLENOL?,facil,"TYLENOL é indicado para redução da febre e para o alívio temporário de dores leves a moderadas, como dores associadas a resfriados comuns, dor de cabeça, dor no corpo, dor de dente, dor nas costas, dores musculares, dores leves associadas a artrites e cólicas menstruais.",PARA QUE ESTE MEDICAMENTO É INDICADO?,"De acordo com a bula consultada de TYLENOL, na seção ""PARA QUE ESTE MEDICAMENTO É INDICADO?"" consta a seguinte informação: 

Para que serve o TYLENOL? Para reduzir febre e aliviar dores leves a moderadas, como as associadas com resfriados comuns ou artrites.

---
*Esta resposta se baseia apenas nos trechos da bula recuperados e não substitui orientação médica ou farmacêutica.*","De acordo com a bula consultada de TYLENOL, na seção ""PARA QUE ESTE MEDICAMENTO É INDICADO?"" consta a seguinte informação: 

Para que serve o TYLENOL? Para reduzir febre e aliviar dores leves a moderadas, como as associadas com resfriados comuns ou artrites.",PARA QUE ESTE MEDICAMENTO É INDICADO?,chunk_a508cae3796b,"[""PARA QUE ESTE MEDICAMENTO É INDICADO?** \n\nEste medicamento é indicado para a redução da febre e para o alívio temporário de dores leves a moderadas, tais como: dores associadas a resfriados comuns, dor de cabeça, dor no corpo, dor de dente, dor nas costas, dores musculares, dores leves associadas a artrites e cólicas menstruais. \n\n## **2.""]",0.037,4.324,,,,,,False,{}
graph_rag,ollama:mediphi-instruct,TYLENOL,Em quanto tempo o TYLENOL começa a fazer efeito?,facil,O efeito de TYLENOL começa 15 a 30 minutos após a administração oral e permanece por 4 a 6 horas.,COMO ESTE MEDICAMENTO FUNCIONA?,"De acordo com a bula consultada de TYLENOL, nas seções ""O QUE DEVO SABER ANTES DE USAR ESTE MEDICAMENTO?"", ""QUANDO NÃO DEVO USAR ESTE MEDICAMENTO?"" e ""COMO DEVO USAR ESTE MEDICAMENTO?"", consta a seguinte informação: 
""Os comprimidos de TYLENOL devem ser tomados com líquido. O paracetamol pode ser administrado independentemente das refeições.""

---
*Esta resposta se baseia apenas nos trechos da bula recuperados e não substitui orientação médica ou farmacêutica.*","De acordo com a bula consultada de TYLENOL, nas seções ""O QUE DEVO SABER ANTES DE USAR ESTE MEDICAMENTO?"", ""QUANDO NÃO DEVO USAR ESTE MEDICAMENTO?"" e ""COMO DEVO USAR ESTE MEDICAMENTO?"", consta a seguinte informação: 
""Os comprimidos de TYLENOL devem ser tomados com líquido. O paracetamol pode ser administrado independentemente das refeições.""","O QUE DEVO SABER ANTES DE USAR ESTE MEDICAMENTO?, QUANDO NÃO DEVO USAR ESTE MEDICAMENTO?, QUAIS OS MALES QUE ESTE MEDICAMENTO PODE ME CAUSAR?, COMO DEVO USAR ESTE MEDICAMENTO?","chunk_01578455e892, chunk_77f72cabf81a, chunk_97251e7ccd85, chunk_bcded81d765f, chunk_d4d5a2d20ab2, chunk_a508cae3796b","[""cutâneas. Se ocorrerem reações cutâneas ou piora de problemas de pele já existentes, interrompa o uso do medicamento e procure ajuda médica imediatamente. \n\n## **Não use outro produto que contenha paracetamol.** \n\n## **O paracetamol nas doses terapêuticas não foi associado à irritação gástrica.** \n\nSe você tem pressão alta, não use este produto por mais tempo do que o indicado no rótulo, a menos que indicado por um médico. \n\nA absorção de **TYLENOL[® ]** é mais rápida se você estiver em jejum. Os alimentos podem afetar a velocidade da absorção, mas não a quantidade absorvida do medicamento. A interferência do paracetamol na metabolização de outros medicamentos e a influência destes medicamentos na ação e na toxicidade do paracetamol, em geral, não são relevantes. \n\n**Consulte seu médico antes de utilizar este medicamento se você está tomando flucloxacilina (penicilina - um antibiótico), varfarina (anticoagulante) ou outros derivados cumarínicos.** \n\n**Informe ao seu médico ou cirurgião-dentista se você está fazendo uso de algum outro medicamento.** \n\n**5."", ""QUANDO NÃO DEVO USAR ESTE MEDICAMENTO?** \n\nVocê não deve usar **TYLENOL[® ]** se possuir alergia ao paracetamol ou a qualquer componente de sua fórmula. \n\n**Este medicamento é contraindicado para menores de 12 anos.** \n\n## **4."", ""O QUE DEVO SABER ANTES DE USAR ESTE MEDICAMENTO?** \n\nTYLENOL® - Paciente \n\n**==> picture [114 x 31] intentionally omitted <==**\n\nVocê não deve tomar mais do que a dose recomendada (superdose) para provocar maior alívio, pois pode causar sérios problemas de saúde. Você deve consultar seu médico se a dor ou febre continuarem ou piorarem, ou se surgirem novos sintomas, pois estes sintomas podem ser sinais de doenças graves. \n\n**Uso com álcool** : consumidores de doses abusivas de álcool devem consultar seu médico para saber se podem tomar **TYLENOL[® ]** ou qualquer outro analgésico. \n\n## **Gravidez e Amamentação** \n\n## Se você estiver grávida ou amamentando, consulte o seu médico antes de usar este medicamento. **Este medicamento não deve ser utilizado por mulheres grávidas sem orientação médica ou do cirurgião-dentista.** \n\n**Uso em pacientes com problemas no fígado** : Consulte seu médico antes de usar o medicamento. **Uso em idosos** : Até o momento não são conhecidas restrições específicas ao uso de **TYLENOL[® ]** por pacientes idosos. Não existe necessidade de ajuste de dose neste grupo etário. Muito raramente, foram relatadas reações cutâneas graves em pacientes que administraram paracetamol. Os sintomas podem incluir: vermelhidão na pele, bolhas e erupções cutâneas. Se ocorrerem reações cutâneas ou piora de problemas de pele já existentes, interrompa o uso do medicamento e procure ajuda médica imediatamente. \n\n## **Não use outro produto que contenha paracetamol.** \n\n## **O paracetamol nas doses terapêuticas não foi associado à irritação gástrica.**"", ""QUAIS OS MALES QUE ESTE MEDICAMENTO PODE ME CAUSAR?** \n\nEste medicamento pode causar algumas reações desagradáveis inesperadas. Caso você tenha uma reação alérgica, deve parar de tomar o medicamento. \n\nTYLENOL® - Paciente \n\n**==> picture [114 x 31] intentionally omitted <==**\n\nReação muito rara (ocorre em menos de 0,01% dos pacientes que utilizam este medicamento): urticária, coceira e vermelhidão no corpo, reações alérgicas a este medicamento, aumento das transaminases e erupção fixa medicamentosa. \n\n**Informe ao seu médico, cirurgião-dentista ou farmacêutico o aparecimento de reações indesejáveis pelo uso do medicamento. Informe também à empresa através do seu serviço de atendimento.** \n\n## **9."", ""COMO DEVO USAR ESTE MEDICAMENTO?** \n\nUso oral. Você deve tomar os comprimidos com líquido. O paracetamol pode ser administrado independentemente das refeições. \n\n## **Adultos e crianças acima de 12 anos:** \n\n**TYLENOL[® ] 500 mg:** 1 a 2 comprimidos, 3 a 4 vezes ao dia. \n\n**TYLENOL[® ] 750 mg:** 1 comprimido, 3 a 5 vezes ao dia. \n\nA dose diária máxima recomendada de paracetamol é de 4000 mg ( **8 comprimidos de TYLENOL[® ] 500 mg ou 5 comprimidos de TYLENOL® 750 mg** ) administrada em doses fracionadas, não excedendo 1000 mg/dose ( **2 comprimidos de TYLENOL[® ] 500 mg ou 1 comprimido de TYLENOL[® ] 750 mg** ), em intervalos de 4 a 6 horas, em um período de 24 horas. **Duração do tratamento:** depende do desaparecimento dos sintomas. \n\n**Este medicamento não pode ser partido, aberto ou mastigado.** \n\n**Siga corretamente o modo de usar. Em caso de dúvidas sobre este medicamento, procure orientação do farmacêutico. Não desaparecendo os sintomas, procure orientação médica ou de seu cirurgião-dentista.** \n\n## **7."", ""PARA QUE ESTE MEDICAMENTO É INDICADO?** \n\nEste medicamento é indicado para a redução da febre e para o alívio temporário de dores leves a moderadas, tais como: dores associadas a resfriados comuns, dor de cabeça, dor no corpo, dor de dente, dor nas costas, dores musculares, dores leves associadas a artrites e cólicas menstruais. \n\n## **2.""]",0.037,8.879,,,,,,False,{}
graph_rag,ollama:mediphi-instruct,TYLENOL,Como devo conservar TYLENOL?,facil,"TYLENOL deve ser conservado em temperatura ambiente, entre 15 °C e 30 °C, protegido da luz e da umidade. O medicamento deve ser guardado em sua embalagem original e mantido fora do alcance das crianças.","ONDE, COMO E POR QUANTO TEMPO POSSO GUARDAR ESTE MEDICAMENTO?","De acordo com a bula consultada de TYLENOL, na seção ""ONDE, COMO E POR QUANTO TEMPO POSSO GUARDAR ESTE MEDICAMENTO?"" consta a seguinte informação: 

Tylenol deve ser conservado em temperatura ambiente (entre 15°C e 30°C), protegido da luz e umidade.

---
*Esta resposta se baseia apenas nos trechos da bula recuperados e não substitui orientação médica ou farmacêutica.*","De acordo com a bula consultada de TYLENOL, na seção ""ONDE, COMO E POR QUANTO TEMPO POSSO GUARDAR ESTE MEDICAMENTO?"" consta a seguinte informação: 

Tylenol deve ser conservado em temperatura ambiente (entre 15°C e 30°C), protegido da luz e umidade.","ONDE, COMO E POR QUANTO TEMPO POSSO GUARDAR ESTE MEDICAMENTO?",chunk_bd0ae4006d5f,"[""ONDE, COMO E POR QUANTO TEMPO POSSO GUARDAR ESTE MEDICAMENTO?** \n\n**TYLENOL®** deve ser conservado em temperatura ambiente (entre 15°C e 30°C), protegido da luz e umidade. **Número de lote e datas de fabricação e validade: vide embalagem.** \n\nTYLENOL® - Paciente \n\n**==> picture [114 x 31] intentionally omitted <==**\n\n**Não use medicamento com o prazo de validade vencido. Guarde-o em sua embalagem original. TYLENOL[® ] 500 mg e TYLENOL[® ] 750 mg** são comprimidos revestidos oblongos (ovalados) de cor branca. \n\n**Antes de usar, observe o aspecto do medicamento. Caso ele esteja no prazo de validade e você observe alguma mudança no aspecto, consulte o farmacêutico para saber se poderá** \n\n**utilizá-lo.** \n\n**Todo medicamento deve ser mantido fora do alcance das crianças** . \n\n## **6.""]",0.048,5.231,,,,,,False,{}
graph_rag,ollama:mediphi-instruct,TYLENOL,Qual é a dose indicada de TYLENOL 500 mg para adultos e crianças acima de 12 anos?,facil,"Para adultos e crianças acima de 12 anos, a dose de TYLENOL 500 mg é de 1 a 2 comprimidos, 3 a 4 vezes ao dia.",COMO DEVO USAR ESTE MEDICAMENTO?,"De acordo com a bula consultada, o paracetamol **TYLENOL[® ]** é indicado em doses orais de até 500 mg para adultos e crianças maiores ou idênticas aos 12 anos. A dose recomendada consiste em tomar entre um a dois comprimidos, três ou quatro vezes ao dia conforme necessário por sintomas como febre ou dor de cabeça.

---
*Esta resposta se baseia apenas nos trechos da bula recuperados e não substitui orientação médica ou farmacêutica.*","De acordo com a bula consultada, o paracetamol **TYLENOL[® ]** é indicado em doses orais de até 500 mg para adultos e crianças maiores ou idênticas aos 12 anos. A dose recomendada consiste em tomar entre um a dois comprimidos, três ou quatro vezes ao dia conforme necessário por sintomas como febre ou dor de cabeça.","ONDE, COMO E POR QUANTO TEMPO POSSO GUARDAR ESTE MEDICAMENTO?, O QUE FAZER SE ALGUÉM USAR UMA QUANTIDADE MAIOR DO QUE A INDICADA DESTE MEDICAMENTO?, COMO DEVO USAR ESTE MEDICAMENTO?, O QUE DEVO SABER ANTES DE USAR ESTE MEDICAMENTO?, QUANDO NÃO DEVO USAR ESTE MEDICAMENTO?","chunk_bd0ae4006d5f, chunk_983a58909e27, chunk_d4d5a2d20ab2, chunk_97251e7ccd85, chunk_77f72cabf81a, chunk_01578455e892","[""ONDE, COMO E POR QUANTO TEMPO POSSO GUARDAR ESTE MEDICAMENTO?** \n\n**TYLENOL®** deve ser conservado em temperatura ambiente (entre 15°C e 30°C), protegido da luz e umidade. **Número de lote e datas de fabricação e validade: vide embalagem.** \n\nTYLENOL® - Paciente \n\n**==> picture [114 x 31] intentionally omitted <==**\n\n**Não use medicamento com o prazo de validade vencido. Guarde-o em sua embalagem original. TYLENOL[® ] 500 mg e TYLENOL[® ] 750 mg** são comprimidos revestidos oblongos (ovalados) de cor branca. \n\n**Antes de usar, observe o aspecto do medicamento. Caso ele esteja no prazo de validade e você observe alguma mudança no aspecto, consulte o farmacêutico para saber se poderá** \n\n**utilizá-lo.** \n\n**Todo medicamento deve ser mantido fora do alcance das crianças** . \n\n## **6."", ""O QUE FAZER SE ALGUÉM USAR UMA QUANTIDADE MAIOR DO QUE A INDICADA DESTE MEDICAMENTO?** \n\nO uso de doses excessivas, acima das doses recomendadas (superdose) pode causar danos ao fígado. Em caso de superdose, procure ajuda médica ou um centro de intoxicação imediatamente. O apoio médico imediato é fundamental para adultos e crianças, mesmo se os sinais e sintomas de intoxicação não estiverem presentes. \n\nOs sinais e sintomas iniciais que se seguem a uma dose potencialmente hepatotóxica de paracetamol são: perda de apetite, náusea, vômito, sudorese intensa, palidez e mal-estar geral. **Em caso de uso de grande quantidade deste medicamento, procure rapidamente socorro médico e leve a embalagem ou bula do medicamento, se possível. Ligue para 0800 722 6001, se você precisar de mais orientações.** \n\n## **DIZERES LEGAIS** \n\nMS - 1.5721.1214 \n\nFarmacêutico Responsável: Jean F. L. Festuccia – CRF - SP nº 29.625 \n\nRegistrado por: \n\n## **JOHNSON & JOHNSON INDUSTRIAL LTDA.** \n\nRodovia Presidente Dutra, Km 154, \n\nSão José dos Campos – SP \n\nCNPJ 59.748.988/0001-14 \n\nFabricado por: \n\n## **JOHNSON & JOHNSON INDUSTRIAL LTDA** \n\nRodovia Presidente Dutra, km 154 \n\nSão José dos Campos – SP \n\nCNPJ: 59.748.988/0001-14 Industria Brasileira \n\n®Marca Registrada \n\nTYLENOL® - Paciente \n\n**==> picture [114 x 31] intentionally omitted <==**\n\nSAC 0800 728 6767 \n\nwww.tylenol.com.br \n\nSiga corretamente o modo de usar, não desaparecendo os sintomas procure orientação médica. \n\n**==> picture [23 x 19] intentionally omitted <==**\n\nTYLENOL® - Paciente \n\n**==> picture [115 x 30] intentionally omitted <==**"", ""COMO DEVO USAR ESTE MEDICAMENTO?** \n\nUso oral. Você deve tomar os comprimidos com líquido. O paracetamol pode ser administrado independentemente das refeições. \n\n## **Adultos e crianças acima de 12 anos:** \n\n**TYLENOL[® ] 500 mg:** 1 a 2 comprimidos, 3 a 4 vezes ao dia. \n\n**TYLENOL[® ] 750 mg:** 1 comprimido, 3 a 5 vezes ao dia. \n\nA dose diária máxima recomendada de paracetamol é de 4000 mg ( **8 comprimidos de TYLENOL[® ] 500 mg ou 5 comprimidos de TYLENOL® 750 mg** ) administrada em doses fracionadas, não excedendo 1000 mg/dose ( **2 comprimidos de TYLENOL[® ] 500 mg ou 1 comprimido de TYLENOL[® ] 750 mg** ), em intervalos de 4 a 6 horas, em um período de 24 horas. **Duração do tratamento:** depende do desaparecimento dos sintomas. \n\n**Este medicamento não pode ser partido, aberto ou mastigado.** \n\n**Siga corretamente o modo de usar. Em caso de dúvidas sobre este medicamento, procure orientação do farmacêutico. Não desaparecendo os sintomas, procure orientação médica ou de seu cirurgião-dentista.** \n\n## **7."", ""O QUE DEVO SABER ANTES DE USAR ESTE MEDICAMENTO?** \n\nTYLENOL® - Paciente \n\n**==> picture [114 x 31] intentionally omitted <==**\n\nVocê não deve tomar mais do que a dose recomendada (superdose) para provocar maior alívio, pois pode causar sérios problemas de saúde. Você deve consultar seu médico se a dor ou febre continuarem ou piorarem, ou se surgirem novos sintomas, pois estes sintomas podem ser sinais de doenças graves. \n\n**Uso com álcool** : consumidores de doses abusivas de álcool devem consultar seu médico para saber se podem tomar **TYLENOL[® ]** ou qualquer outro analgésico. \n\n## **Gravidez e Amamentação** \n\n## Se você estiver grávida ou amamentando, consulte o seu médico antes de usar este medicamento. **Este medicamento não deve ser utilizado por mulheres grávidas sem orientação médica ou do cirurgião-dentista.** \n\n**Uso em pacientes com problemas no fígado** : Consulte seu médico antes de usar o medicamento. **Uso em idosos** : Até o momento não são conhecidas restrições específicas ao uso de **TYLENOL[® ]** por pacientes idosos. Não existe necessidade de ajuste de dose neste grupo etário. Muito raramente, foram relatadas reações cutâneas graves em pacientes que administraram paracetamol. Os sintomas podem incluir: vermelhidão na pele, bolhas e erupções cutâneas. Se ocorrerem reações cutâneas ou piora de problemas de pele já existentes, interrompa o uso do medicamento e procure ajuda médica imediatamente. \n\n## **Não use outro produto que contenha paracetamol.** \n\n## **O paracetamol nas doses terapêuticas não foi associado à irritação gástrica.**"", ""QUANDO NÃO DEVO USAR ESTE MEDICAMENTO?** \n\nVocê não deve usar **TYLENOL[® ]** se possuir alergia ao paracetamol ou a qualquer componente de sua fórmula. \n\n**Este medicamento é contraindicado para menores de 12 anos.** \n\n## **4."", ""cutâneas. Se ocorrerem reações cutâneas ou piora de problemas de pele já existentes, interrompa o uso do medicamento e procure ajuda médica imediatamente. \n\n## **Não use outro produto que contenha paracetamol.** \n\n## **O paracetamol nas doses terapêuticas não foi associado à irritação gástrica.** \n\nSe você tem pressão alta, não use este produto por mais tempo do que o indicado no rótulo, a menos que indicado por um médico. \n\nA absorção de **TYLENOL[® ]** é mais rápida se você estiver em jejum. Os alimentos podem afetar a velocidade da absorção, mas não a quantidade absorvida do medicamento. A interferência do paracetamol na metabolização de outros medicamentos e a influência destes medicamentos na ação e na toxicidade do paracetamol, em geral, não são relevantes. \n\n**Consulte seu médico antes de utilizar este medicamento se você está tomando flucloxacilina (penicilina - um antibiótico), varfarina (anticoagulante) ou outros derivados cumarínicos.** \n\n**Informe ao seu médico ou cirurgião-dentista se você está fazendo uso de algum outro medicamento.** \n\n**5.""]",0.042,8.881,,,,,,False,{}
graph_rag,ollama:mediphi-instruct,TYLENOL,Quais reações muito raras TYLENOL pode causar segundo a seção de reações adversas?,facil,"Segundo a seção de reações adversas, TYLENOL pode causar, muito raramente, urticária, coceira e vermelhidão no corpo, reações alérgicas ao medicamento, aumento das transaminases e erupção fixa medicamentosa.",QUAIS OS MALES QUE ESTE MEDICAMENTO PODE ME CAUSAR?,"Reação muito rara (ocorre em menos de 0,01% dos pacientes que utilizam este medicamento): urticária, coceira e vermelhidão no corpo, reações alérgicas a este medicamento, aumento das transaminases e erupção fixa medicamentosa.

---
*Esta resposta se baseia apenas nos trechos da bula recuperados e não substitui orientação médica ou farmacêutica.*","Reação muito rara (ocorre em menos de 0,01% dos pacientes que utilizam este medicamento): urticária, coceira e vermelhidão no corpo, reações alérgicas a este medicamento, aumento das transaminases e erupção fixa medicamentosa.","O QUE FAZER SE ALGUÉM USAR UMA QUANTIDADE MAIOR DO QUE A INDICADA DESTE MEDICAMENTO?, QUAIS OS MALES QUE ESTE MEDICAMENTO PODE ME CAUSAR?, O QUE DEVO SABER ANTES DE USAR ESTE MEDICAMENTO?, COMO DEVO USAR ESTE MEDICAMENTO?","chunk_983a58909e27, chunk_bcded81d765f, chunk_97251e7ccd85, chunk_01578455e892, chunk_d4d5a2d20ab2, chunk_77f72cabf81a, chunk_a508cae3796b","[""O QUE FAZER SE ALGUÉM USAR UMA QUANTIDADE MAIOR DO QUE A INDICADA DESTE MEDICAMENTO?** \n\nO uso de doses excessivas, acima das doses recomendadas (superdose) pode causar danos ao fígado. Em caso de superdose, procure ajuda médica ou um centro de intoxicação imediatamente. O apoio médico imediato é fundamental para adultos e crianças, mesmo se os sinais e sintomas de intoxicação não estiverem presentes. \n\nOs sinais e sintomas iniciais que se seguem a uma dose potencialmente hepatotóxica de paracetamol são: perda de apetite, náusea, vômito, sudorese intensa, palidez e mal-estar geral. **Em caso de uso de grande quantidade deste medicamento, procure rapidamente socorro médico e leve a embalagem ou bula do medicamento, se possível. Ligue para 0800 722 6001, se você precisar de mais orientações.** \n\n## **DIZERES LEGAIS** \n\nMS - 1.5721.1214 \n\nFarmacêutico Responsável: Jean F. L. Festuccia – CRF - SP nº 29.625 \n\nRegistrado por: \n\n## **JOHNSON & JOHNSON INDUSTRIAL LTDA.** \n\nRodovia Presidente Dutra, Km 154, \n\nSão José dos Campos – SP \n\nCNPJ 59.748.988/0001-14 \n\nFabricado por: \n\n## **JOHNSON & JOHNSON INDUSTRIAL LTDA** \n\nRodovia Presidente Dutra, km 154 \n\nSão José dos Campos – SP \n\nCNPJ: 59.748.988/0001-14 Industria Brasileira \n\n®Marca Registrada \n\nTYLENOL® - Paciente \n\n**==> picture [114 x 31] intentionally omitted <==**\n\nSAC 0800 728 6767 \n\nwww.tylenol.com.br \n\nSiga corretamente o modo de usar, não desaparecendo os sintomas procure orientação médica. \n\n**==> picture [23 x 19] intentionally omitted <==**\n\nTYLENOL® - Paciente \n\n**==> picture [115 x 30] intentionally omitted <==**"", ""QUAIS OS MALES QUE ESTE MEDICAMENTO PODE ME CAUSAR?** \n\nEste medicamento pode causar algumas reações desagradáveis inesperadas. Caso você tenha uma reação alérgica, deve parar de tomar o medicamento. \n\nTYLENOL® - Paciente \n\n**==> picture [114 x 31] intentionally omitted <==**\n\nReação muito rara (ocorre em menos de 0,01% dos pacientes que utilizam este medicamento): urticária, coceira e vermelhidão no corpo, reações alérgicas a este medicamento, aumento das transaminases e erupção fixa medicamentosa. \n\n**Informe ao seu médico, cirurgião-dentista ou farmacêutico o aparecimento de reações indesejáveis pelo uso do medicamento. Informe também à empresa através do seu serviço de atendimento.** \n\n## **9."", ""O QUE DEVO SABER ANTES DE USAR ESTE MEDICAMENTO?** \n\nTYLENOL® - Paciente \n\n**==> picture [114 x 31] intentionally omitted <==**\n\nVocê não deve tomar mais do que a dose recomendada (superdose) para provocar maior alívio, pois pode causar sérios problemas de saúde. Você deve consultar seu médico se a dor ou febre continuarem ou piorarem, ou se surgirem novos sintomas, pois estes sintomas podem ser sinais de doenças graves. \n\n**Uso com álcool** : consumidores de doses abusivas de álcool devem consultar seu médico para saber se podem tomar **TYLENOL[® ]** ou qualquer outro analgésico. \n\n## **Gravidez e Amamentação** \n\n## Se você estiver grávida ou amamentando, consulte o seu médico antes de usar este medicamento. **Este medicamento não deve ser utilizado por mulheres grávidas sem orientação médica ou do cirurgião-dentista.** \n\n**Uso em pacientes com problemas no fígado** : Consulte seu médico antes de usar o medicamento. **Uso em idosos** : Até o momento não são conhecidas restrições específicas ao uso de **TYLENOL[® ]** por pacientes idosos. Não existe necessidade de ajuste de dose neste grupo etário. Muito raramente, foram relatadas reações cutâneas graves em pacientes que administraram paracetamol. Os sintomas podem incluir: vermelhidão na pele, bolhas e erupções cutâneas. Se ocorrerem reações cutâneas ou piora de problemas de pele já existentes, interrompa o uso do medicamento e procure ajuda médica imediatamente. \n\n## **Não use outro produto que contenha paracetamol.** \n\n## **O paracetamol nas doses terapêuticas não foi associado à irritação gástrica.**"", ""cutâneas. Se ocorrerem reações cutâneas ou piora de problemas de pele já existentes, interrompa o uso do medicamento e procure ajuda médica imediatamente. \n\n## **Não use outro produto que contenha paracetamol.** \n\n## **O paracetamol nas doses terapêuticas não foi associado à irritação gástrica.** \n\nSe você tem pressão alta, não use este produto por mais tempo do que o indicado no rótulo, a menos que indicado por um médico. \n\nA absorção de **TYLENOL[® ]** é mais rápida se você estiver em jejum. Os alimentos podem afetar a velocidade da absorção, mas não a quantidade absorvida do medicamento. A interferência do paracetamol na metabolização de outros medicamentos e a influência destes medicamentos na ação e na toxicidade do paracetamol, em geral, não são relevantes. \n\n**Consulte seu médico antes de utilizar este medicamento se você está tomando flucloxacilina (penicilina - um antibiótico), varfarina (anticoagulante) ou outros derivados cumarínicos.** \n\n**Informe ao seu médico ou cirurgião-dentista se você está fazendo uso de algum outro medicamento.** \n\n**5."", ""COMO DEVO USAR ESTE MEDICAMENTO?** \n\nUso oral. Você deve tomar os comprimidos com líquido. O paracetamol pode ser administrado independentemente das refeições. \n\n## **Adultos e crianças acima de 12 anos:** \n\n**TYLENOL[® ] 500 mg:** 1 a 2 comprimidos, 3 a 4 vezes ao dia. \n\n**TYLENOL[® ] 750 mg:** 1 comprimido, 3 a 5 vezes ao dia. \n\nA dose diária máxima recomendada de paracetamol é de 4000 mg ( **8 comprimidos de TYLENOL[® ] 500 mg ou 5 comprimidos de TYLENOL® 750 mg** ) administrada em doses fracionadas, não excedendo 1000 mg/dose ( **2 comprimidos de TYLENOL[® ] 500 mg ou 1 comprimido de TYLENOL[® ] 750 mg** ), em intervalos de 4 a 6 horas, em um período de 24 horas. **Duração do tratamento:** depende do desaparecimento dos sintomas. \n\n**Este medicamento não pode ser partido, aberto ou mastigado.** \n\n**Siga corretamente o modo de usar. Em caso de dúvidas sobre este medicamento, procure orientação do farmacêutico. Não desaparecendo os sintomas, procure orientação médica ou de seu cirurgião-dentista.** \n\n## **7."", ""QUANDO NÃO DEVO USAR ESTE MEDICAMENTO?** \n\nVocê não deve usar **TYLENOL[® ]** se possuir alergia ao paracetamol ou a qualquer componente de sua fórmula. \n\n**Este medicamento é contraindicado para menores de 12 anos.** \n\n## **4."", ""PARA QUE ESTE MEDICAMENTO É INDICADO?** \n\nEste medicamento é indicado para a redução da febre e para o alívio temporário de dores leves a moderadas, tais como: dores associadas a resfriados comuns, dor de cabeça, dor no corpo, dor de dente, dor nas costas, dores musculares, dores leves associadas a artrites e cólicas menstruais. \n\n## **2.""]",0.053,8.324,,,,,,False,{}
